1.1191550 0.0157051 0.0038929 0.0553309 0.0653252 0.0420876 0.0103694 0.0460280 0.1507788 -0.1165070 0.0141597 0.0179386 0.0111286 0.0038203 0.0454714 -0.1278076 -0.0590609 0.0446561 -0.0794316 -0.1132458 -0.1007246 -0.0943675 -0.0933044 -0.0957154 0.0137929 0.0138930 0.0126857 0.0094843 -0.0851224 0.0043582 0.0057441 0.0021656 0.0036779 0.0067528 -0.1204818 -0.1068636 -0.1189390 -0.1041628 -0.1056516 0.0474603 0.0047317 0.0140497 0.0232268 0.0361104 0.0329663 0.0294682
0.0157051 1.1477253 0.0821876 0.0377174 0.0308866 0.0159906 0.1003204 0.0434062 0.0263160 -0.1898119 0.1508205 0.1081627 0.0853546 0.1439841 0.0534396 -0.1915772 -0.1363835 0.0431123 -0.1730647 -0.1883405 -0.1733570 -0.1772677 -0.1675038 -0.1623301 0.0817863 0.0852257 0.0764835 0.0752051 -0.1794438 0.1049873 0.1070837 0.1163799 0.1031031 0.0649357 -0.2019626 -0.1830029 -0.1921256 -0.1826447 -0.1860491 0.0405374 -0.0018940 0.0355489 0.0094717 0.0453349 0.0418898 0.0371203
0.0038929 0.0821876 1.1206081 0.0256611 0.0238065 0.0087409 0.2024293 0.0354936 0.0202124 -0.1781600 0.0866414 0.1285510 0.0776574 0.0913323 0.0462659 -0.1786528 -0.1210986 0.0368103 -0.1519924 -0.1694441 -0.1529739 -0.1626422 -0.1527429 -0.1477799 0.0848556 0.0905463 0.0691210 0.0622422 -0.1661291 0.0748089 0.0730013 0.0666978 0.0697816 0.0721955 -0.1836478 -0.1702285 -0.1799677 -0.1614503 -0.1696888 0.0384200 0.0018588 0.0426979 0.0139614 0.0432584 0.0322744 0.0347838
0.0553309 0.0377174 0.0256611 1.0982214 0.0641130 0.0688086 0.0316042 0.1224161 0.0696858 -0.1443247 0.0386107 0.0362205 0.0322729 0.0361690 0.0957788 -0.1598426 -0.0963198 0.1109767 -0.1222369 -0.1432200 -0.1296014 -0.1290284 -0.1278597 -0.1337826 0.0299755 0.0343543 0.0339684 0.0298072 -0.1351295 0.0396098 0.0353405 0.0444067 0.0350772 0.0316088 -0.1552695 -0.1412627 -0.1542894 -0.1352537 -0.1373845 0.0420221 0.0018240 0.0354287 0.0105121 0.0361210 0.0422716 0.0380333
0.0653252 0.0308866 0.0238065 0.0641130 1.0851475 0.0564043 0.0298043 0.0911730 0.0767993 -0.1356128 0.0328647 0.0312860 0.0242213 0.0362396 0.1039777 -0.1408343 -0.0841925 0.0951116 -0.1104407 -0.1380569 -0.1148154 -0.1218571 -0.1187198 -0.1163649 0.0318005 0.0369315 0.0300646 0.0235974 -0.1230133 0.0325774 0.0386223 0.0357121 0.0306814 0.0362065 -0.1447810 -0.1206636 -0.1364118 -0.1254862 -0.1296362 0.0332121 -0.0065475 0.0205586 0.0011942 0.0271498 0.0245219 0.0252602
0.0420876 0.0159906 0.0087409 0.0688086 0.0564043 1.0670850 0.0108674 0.0539500 0.0817509 -0.0930236 0.0149373 0.0121177 0.0092174 0.0118646 0.0451105 -0.1008494 -0.0478932 0.0640487 -0.0697494 -0.0874131 -0.0817186 -0.0816676 -0.0844945 -0.0801684 0.0111047 0.0167877 0.0154769 0.0111902 -0.0824476 0.0096568 0.0089611 0.0071467 0.0046172 0.0120834 -0.0984124 -0.0810476 -0.0961454 -0.0851945 -0.0806207 0.0035169 -0.0197939 0.0014771 -0.0077684 0.0008655 0.0081653 0.0149531
0.0103694 0.1003204 0.2024293 0.0316042 0.0298043 0.0108674 1.1801671 0.0475653 0.0267688 -0.2228063 0.2460795 0.2569405 0.0772724 0.1114037 0.0578495 -0.2248223 -0.1551116 0.0494162 -0.1909387 -0.2151071 -0.1957044 -0.2017876 -0.1951760 -0.1906167 0.0937480 0.0918548 0.0842147 0.0768765 -0.2073445 0.0813660 0.0924942 0.1081129 0.1032774 0.0829000 -0.2277967 -0.2082908 -0.2273487 -0.2061881 -0.2103042 0.0463571 -0.0038798 0.0520591 0.0225548 0.0677020 0.0493911 0.0443886
0.0460280 0.0434062 0.0354936 0.1224161 0.0911730 0.0539500 0.0475653 1.1282678 0.0692840 -0.1605442 0.0494100 0.0471090 0.0354450 0.0478035 0.2197531 -0.1734803 -0.1110239 0.1578812 -0.1464920 -0.1676143 -0.1494827 -0.1543594 -0.1461872 -0.1442586 0.0441549 0.0440718 0.0378224 0.0391420 -0.1504368 0.0458795 0.0416624 0.0472231 0.0433268 0.0427931 -0.1770585 -0.1619484 -0.1728341 -0.1615430 -0.1645097 0.0321704 -0.0093306 0.0253968 0.0080353 0.0349427 0.0344055 0.0349120
0.1507788 0.0263160 0.0202124 0.0696858 0.0767993 0.0817509 0.0267688 0.0692840 1.0835125 -0.1371011 0.0273555 0.0272926 0.0209927 0.0221857 0.0594577 -0.1414460 -0.0788411 0.0800576 -0.1069472 -0.1288331 -0.1171516 -0.1138942 -0.1131723 -0.1111001 0.0310580 0.0293124 0.0255094 0.0239266 -0.1145095 0.0240517 0.0192952 0.0152921 0.0152194 0.0231718 -0.1375865 -0.1170186 -0.1385408 -0.1198425 -0.1255246 0.0369708 -0.0014754 0.0182587 0.0057533 0.0282460 0.0317031 0.0252723
-0.1165070 -0.1898119 -0.1781600 -0.1443247 -0.1356128 -0.0930236 -0.2228063 -0.1605442 -0.1371011 1.0212123 -0.2335389 -0.2229259 -0.1579772 -0.2191342 -0.1725008 0.4458103 0.2231662 -0.1654433 0.2427951 0.3846943 0.2816051 0.2864960 0.2848047 0.2824642 -0.1971462 -0.1977297 -0.1764370 -0.1711078 0.4072708 -0.2143766 -0.2033822 -0.2248560 -0.2142807 -0.1764059 0.4901127 0.3252375 0.4340905 0.3149578 0.3526444 -0.2022469 -0.1002043 -0.1965083 -0.1363563 -0.2217981 -0.2056686 -0.2044960
0.0141597 0.1508205 0.0866414 0.0386107 0.0328647 0.0149373 0.2460795 0.0494100 0.0273555 -0.2335389 1.2526673 0.2830445 0.0852435 0.1618156 0.0592836 -0.2341841 -0.1635105 0.0472486 -0.2020367 -0.2280691 -0.2057498 -0.2102244 -0.2038804 -0.2015043 0.0890201 0.0938833 0.0866292 0.0833883 -0.2160229 0.1103905 0.1037255 0.1347827 0.1133199 0.0889253 -0.2387201 -0.2226508 -0.2381642 -0.2195582 -0.2268809 0.0453434 -0.0093852 0.0510859 0.0181148 0.0637072 0.0532021 0.0484990
0.0179386 0.1081627 0.1285510 0.0362205 0.0312860 0.0121177 0.2569405 0.0471090 0.0272926 -0.2229259 0.2830445 1.1933708 0.0859971 0.1228122 0.0584168 -0.2264244 -0.1544420 0.0485095 -0.1895287 -0.2142735 -0.1976737 -0.2037895 -0.1961069 -0.1916830 0.0891571 0.0959562 0.0765577 0.0735661 -0.2078434 0.0894030 0.0946997 0.1029527 0.1042854 0.0697867 -0.2325176 -0.2115429 -0.2261799 -0.2053075 -0.2101019 0.0460101 0.0090316 0.0546732 0.0214492 0.0660010 0.0529164 0.0497999
0.0111286 0.0853546 0.0776574 0.0322729 0.0242213 0.0092174 0.0772724 0.0354450 0.0209927 -0.1579772 0.0852435 0.0859971 1.1128069 0.0790703 0.0502077 -0.1611049 -0.1047359 0.0376700 -0.1394394 -0.1527881 -0.1408507 -0.1440754 -0.1326213 -0.1327995 0.0844070 0.0816130 0.0823285 0.0631540 -0.1476172 0.0588965 0.0572779 0.0624312 0.0594411 0.0550429 -0.1639461 -0.1464521 -0.1589361 -0.1478794 -0.1472544 0.0313640 0.0032623 0.0290815 0.0108181 0.0362085 0.0316941 0.0273758
0.0038203 0.1439841 0.0913323 0.0361690 0.0362396 0.0118646 0.1114037 0.0478035 0.0221857 -0.2191342 0.1618156 0.1228122 0.0790703 1.1761580 0.0517963 -0.2165476 -0.1487646 0.0471746 -0.1920747 -0.2124310 -0.1909068 -0.1989147 -0.1869095 -0.1842061 0.0934981 0.0976651 0.0915828 0.0883401 -0.2036290 0.1493386 0.1574221 0.2067572 0.1661130 0.0716387 -0.2267363 -0.2083248 -0.2220786 -0.2038613 -0.2099594 0.0396917 -0.0050203 0.0464695 0.0100465 0.0484235 0.0415961 0.0411876
0.0454714 0.0534396 0.0462659 0.0957788 0.1039777 0.0451105 0.0578495 0.2197531 0.0594577 -0.1725008 0.0592836 0.0584168 0.0502077 0.0517963 1.1319615 -0.1801172 -0.1123070 0.1383920 -0.1545691 -0.1735686 -0.1586445 -0.1636172 -0.1566829 -0.1532891 0.0460589 0.0561901 0.0460147 0.0404816 -0.1583113 0.0561229 0.0544384 0.0548308 0.0518302 0.0477980 -0.1867669 -0.1678634 -0.1780606 -0.1662860 -0.1686297 0.0428883 -0.0097736 0.0401709 0.0064965 0.0409052 0.0353586 0.0318270
-0.1278076 -0.1915772 -0.1786528 -0.1598426 -0.1408343 -0.1008494 -0.2248223 -0.1734803 -0.1414460 0.4458103 -0.2341841 -0.2264244 -0.1611049 -0.2165476 -0.1801172 0.9648695 0.2119232 -0.1673707 0.2616278 0.4361660 0.2938858 0.3125461 0.2670519 0.2874413 -0.1938408 -0.1969821 -0.1781986 -0.1739507 0.3364367 -0.2161905 -0.2046794 -0.2223738 -0.2106891 -0.1775392 0.5296813 0.3493982 0.4697846 0.3453552 0.3411193 -0.2059295 -0.0972950 -0.1992237 -0.1356052 -0.2214081 -0.2057512 -0.2058275
-0.0590609 -0.1363835 -0.1210986 -0.0963198 -0.0841925 -0.0478932 -0.1551116 -0.1110239 -0.0788411 0.2231662 -0.1635105 -0.1544420 -0.1047359 -0.1487646 -0.1123070 0.2119232 0.9573076 -0.1045221 0.1797787 0.1996025 0.2340279 0.1960032 0.2218951 0.2204647 -0.1287987 -0.1291497 -0.1164813 -0.1097459 0.2088772 -0.1477639 -0.1390830 -0.1520681 -0.1435147 -0.1164578 0.2062492 0.2213563 0.2169210 0.2061388 0.2153483 -0.1444806 -0.0386520 -0.1388817 -0.0796453 -0.1465612 -0.1451714 -0.1349110
0.0446561 0.0431123 0.0368103 0.1109767 0.0951116 0.0640487 0.0494162 0.1578812 0.0800576 -0.1654433 0.0472486 0.0485095 0.0376700 0.0471746 0.1383920 -0.1673707 -0.1045221 1.1169741 -0.1402529 -0.1592728 -0.1444216 -0.1531131 -0.1384849 -0.1361679 0.0423113 0.0509549 0.0413644 0.0350389 -0.1471465 0.0463372 0.0464075 0.0462286 0.0438040 0.0378619 -0.1742249 -0.1488748 -0.1698217 -0.1619582 -0.1526233 0.0315239 -0.0095453 0.0304556 0.0038571 0.0377688 0.0346873 0.0313480
-0.0794316 -0.1730647 -0.1519924 -0.1222369 -0.1104407 -0.0697494 -0.1909387 -0.1464920 -0.1069472 0.2427951 -0.2020367 -0.1895287 -0.1394394 -0.1920747 -0.1545691 0.2616278 0.1797787 -0.1402529 0.9607930 0.2777850 0.3050328 0.3668707 0.3047699 0.2839009 -0.1697382 -0.1693472 -0.1548530 -0.1486646 0.2897421 -0.1891436 -0.1742124 -0.1900979 -0.1853783 -0.1512504 0.2657805 0.2895465 0.2625144 0.3239919 0.2935263 -0.1661518 -0.0626855 -0.1711108 -0.0920958 -0.1764174 -0.1694758 -0.1682503
-0.1132458 -0.1883405 -0.1694441 -0.1432200 -0.1380569 -0.0874131 -0.2151071 -0.1676143 -0.1288331 0.3846943 -0.2280691 -0.2142735 -0.1527881 -0.2124310 -0.1735686 0.4361660 0.1996025 -0.1592728 0.2777850 0.9251984 0.2841526 0.3062204 0.2575142 0.2656539 -0.1874680 -0.1932626 -0.1711382 -0.1703608 0.3119096 -0.2128714 -0.1985553 -0.2167660 -0.2091352 -0.1721881 0.4373470 0.3533396 0.4304666 0.3341183 0.3940239 -0.2000871 -0.0855284 -0.1880905 -0.1312877 -0.2094791 -0.1944058 -0.1894969
-0.1007246 -0.1733570 -0.1529739 -0.1296014 -0.1148154 -0.0817186 -0.1957044 -0.1494827 -0.1171516 0.2816051 -0.2057498 -0.1976737 -0.1408507 -0.1909068 -0.1586445 0.2938858 0.2340279 -0.1444216 0.3050328 0.2841526 0.9531132 0.3088265 0.3420292 0.3506784 -0.1737042 -0.1761823 -0.1542752 -0.1522454 0.2797394 -0.1865686 -0.1779390 -0.1937868 -0.1862665 -0.1541933 0.2833236 0.2965803 0.2864963 0.3049690 0.2966285 -0.1800507 -0.0773212 -0.1731050 -0.1163702 -0.1971266 -0.1765506 -0.1761516
-0.0943675 -0.1772677 -0.1626422 -0.1290284 -0.1218571 -0.0816676 -0.2017876 -0.1543594 -0.1138942 0.2864960 -0.2102244 -0.2037895 -0.1440754 -0.1989147 -0.1636172 0.3125461 0.1960032 -0.1531131 0.3668707 0.3062204 0.3088265 0.9486342 0.3014283 0.2673901 -0.1766717 -0.1754227 -0.1611096 -0.1582368 0.3134098 -0.1972332 -0.1865356 -0.2019817 -0.1964219 -0.1602092 0.3021786 0.3015639 0.3101340 0.3724948 0.2985562 -0.1778023 -0.0627034 -0.1751239 -0.1176070 -0.1906266 -0.1803340 -0.1771327
-0.0933044 -0.1675038 -0.1527429 -0.1278597 -0.1187198 -0.0844945 -0.1951760 -0.1461872 -0.1131723 0.2848047 -0.2038804 -0.1961069 -0.1326213 -0.1869095 -0.1566829 0.2670519 0.2218951 -0.1384849 0.3047699 0.2575142 0.3420292 0.3014283 0.9861314 0.3129057 -0.1660894 -0.1705848 -0.1555596 -0.1455744 0.3547752 -0.1877005 -0.1804703 -0.1913098 -0.1858321 -0.1436375 0.2685961 0.2788601 0.2718239 0.2612312 0.2682189 -0.1730213 -0.0649837 -0.1692153 -0.1000047 -0.1865773 -0.1726089 -0.1789477
-0.0957154 -0.1623301 -0.1477799 -0.1337826 -0.1163649 -0.0801684 -0.1906167 -0.1442586 -0.1111001 0.2824642 -0.2015043 -0.1916830 -0.1327995 -0.1842061 -0.1532891 0.2874413 0.2204647 -0.1361679 0.2839009 0.2656539 0.3506784 0.2673901 0.3129057 0.9438820 -0.1646405 -0.1667836 -0.1518832 -0.1423063 0.2675954 -0.1824916 -0.1734800 -0.1845442 -0.1735406 -0.1412445 0.2707629 0.2872570 0.2814566 0.2954533 0.2982448 -0.1743124 -0.0769981 -0.1721835 -0.0946524 -0.1877282 -0.1736773 -0.1761873
0.0137929 0.0817863 0.0848556 0.0299755 0.0318005 0.0111047 0.0937480 0.0441549 0.0310580 -0.1971462 0.0890201 0.0891571 0.0844070 0.0934981 0.0460589 -0.1938408 -0.1287987 0.0423113 -0.1697382 -0.1874680 -0.1737042 -0.1766717 -0.1660894 -0.1646405 1.1442891 0.2243968 0.1012797 0.1042474 -0.1811508 0.0795345 0.0723748 0.0750240 0.0710683 0.0717628 -0.1992472 -0.1798382 -0.1945258 -0.1830670 -0.1887936 0.0506835 0.0030887 0.0548100 0.0233573 0.0621768 0.0460839 0.0509522
0.0138930 0.0852257 0.0905463 0.0343543 0.0369315 0.0167877 0.0918548 0.0440718 0.0293124 -0.1977297 0.0938833 0.0959562 0.0816130 0.0976651 0.0561901 -0.1969821 -0.1291497 0.0509549 -0.1693472 -0.1932626 -0.1761823 -0.1754227 -0.1705848 -0.1667836 0.2243968 1.1548452 0.0954103 0.1123323 -0.1847403 0.0806307 0.0729237 0.0803084 0.0751184 0.0823058 -0.2047135 -0.1867665 -0.2008389 -0.1869904 -0.1952058 0.0465357 0.0030524 0.0516166 0.0220845 0.0554237 0.0437946 0.0572121
0.0126857 0.0764835 0.0691210 0.0339684 0.0300646 0.0154769 0.0842147 0.0378224 0.0255094 -0.1764370 0.0866292 0.0765577 0.0823285 0.0915828 0.0460147 -0.1781986 -0.1164813 0.0413644 -0.1548530 -0.1711382 -0.1542752 -0.1611096 -0.1555596 -0.1518832 0.1012797 0.0954103 1.1646647 0.0971688 -0.1623714 0.0676919 0.0659577 0.0703770 0.0770083 0.0776722 -0.1848353 -0.1680552 -0.1760647 -0.1629012 -0.1717389 0.0371786 -0.0015505 0.0452141 0.0222162 0.0504420 0.0402633 0.0425391
0.0094843 0.0752051 0.0622422 0.0298072 0.0235974 0.0111902 0.0768765 0.0391420 0.0239266 -0.1711078 0.0833883 0.0735661 0.0631540 0.0883401 0.0404816 -0.1739507 -0.1097459 0.0350389 -0.1486646 -0.1703608 -0.1522454 -0.1582368 -0.1455744 -0.1423063 0.1042474 0.1123323 0.0971688 1.1430106 -0.1610623 0.0721287 0.0652744 0.0672748 0.0766420 0.0859741 -0.1810010 -0.1608460 -0.1764745 -0.1645998 -0.1718785 0.0391646 -0.0030397 0.0470967 0.0311566 0.0517188 0.0419407 0.0424556
-0.0851224 -0.1794438 -0.1661291 -0.1351295 -0.1230133 -0.0824476 -0.2073445 -0.1504368 -0.1145095 0.4072708 -0.2160229 -0.2078434 -0.1476172 -0.2036290 -0.1583113 0.3364367 0.2088772 -0.1471465 0.2897421 0.3119096 0.2797394 0.3134098 0.3547752 0.2675954 -0.1811508 -0.1847403 -0.1623714 -0.1610623 0.9488854 -0.2028748 -0.1948475 -0.2132928 -0.2023576 -0.1682858 0.3643155 0.2954074 0.3230815 0.3139895 0.2848267 -0.1801611 -0.0754419 -0.1863575 -0.1154142 -0.1946601 -0.1833935 -0.1869088
0.0043582 0.1049873 0.0748089 0.0396098 0.0325774 0.0096568 0.0813660 0.0458795 0.0240517 -0.2143766 0.1103905 0.0894030 0.0588965 0.1493386 0.0561229 -0.2161905 -0.1477639 0.0463372 -0.1891436 -0.2128714 -0.1865686 -0.1972332 -0.1877005 -0.1824916 0.0795345 0.0806307 0.0676919 0.0721287 -0.2028748 1.1823269 0.1828587 0.2429322 0.2111927 0.0989681 -0.2219316 -0.2025741 -0.2161177 -0.2003145 -0.2061550 0.0495486 -0.0053581 0.0536447 0.0174082 0.0624657 0.0499836 0.0560568
0.0057441 0.1070837 0.0730013 0.0353405 0.0386223 0.0089611 0.0924942 0.0416624 0.0192952 -0.2033822 0.1037255 0.0946997 0.0572779 0.1574221 0.0544384 -0.2046794 -0.1390830 0.0464075 -0.1742124 -0.1985553 -0.1779390 -0.1865356 -0.1804703 -0.1734800 0.0723748 0.0729237 0.0659577 0.0652744 -0.1948475 0.1828587 1.1378205 0.2426833 0.2360898 0.0723209 -0.2083953 -0.1916580 -0.2062583 -0.1869520 -0.1962182 0.0293027 -0.0178443 0.0402762 0.0037144 0.0438941 0.0325401 0.0358487
0.0021656 0.1163799 0.0666978 0.0444067 0.0357121 0.0071467 0.1081129 0.0472231 0.0152921 -0.2248560 0.1347827 0.1029527 0.0624312 0.2067572 0.0548308 -0.2223738 -0.1520681 0.0462286 -0.1900979 -0.2167660 -0.1937868 -0.2019817 -0.1913098 -0.1845442 0.0750240 0.0803084 0.0703770 0.0672748 -0.2132928 0.2429322 0.2426833 1.1728624 0.2499145 0.0737686 -0.2267558 -0.2105631 -0.2257399 -0.2060334 -0.2151039 0.0373440 -0.0131424 0.0435189 0.0029960 0.0455685 0.0408896 0.0452444
0.0036779 0.1031031 0.0697816 0.0350772 0.0306814 0.0046172 0.1032774 0.0433268 0.0152194 -0.2142807 0.1133199 0.1042854 0.0594411 0.1661130 0.0518302 -0.2106891 -0.1435147 0.0438040 -0.1853783 -0.2091352 -0.1862665 -0.1964219 -0.1858321 -0.1735406 0.0710683 0.0751184 0.0770083 0.0766420 -0.2023576 0.2111927 0.2360898 0.2499145 1.1571984 0.0846157 -0.2174294 -0.2062006 -0.2140377 -0.1907965 -0.2089169 0.0369430 -0.0093415 0.0403459 0.0071371 0.0443026 0.0384574 0.0356646
0.0067528 0.0649357 0.0721955 0.0316088 0.0362065 0.0120834 0.0829000 0.0427931 0.0231718 -0.1764059 0.0889253 0.0697867 0.0550429 0.0716387 0.0477980 -0.1775392 -0.1164578 0.0378619 -0.1512504 -0.1721881 -0.1541933 -0.1602092 -0.1436375 -0.1412445 0.0717628 0.0823058 0.0776722 0.0859741 -0.1682858 0.0989681 0.0723209 0.0737686 0.0846157 1.1323096 -0.1831698 -0.1667462 -0.1775541 -0.1664857 -0.1709600 0.0507464 0.0025881 0.0591733 0.0359769 0.0612193 0.0570306 0.0527970
-0.1204818 -0.2019626 -0.1836478 -0.1552695 -0.1447810 -0.0984124 -0.2277967 -0.1770585 -0.1375865 0.4901127 -0.2387201 -0.2325176 -0.1639461 -0.2267363 -0.1867669 0.5296813 0.2062492 -0.1742249 0.2657805 0.4373470 0.2833236 0.3021786 0.2685961 0.2707629 -0.1992472 -0.2047135 -0.1848353 -0.1810010 0.3643155 -0.2219316 -0.2083953 -0.2267558 -0.2174294 -0.1831698 1.0284421 0.3377072 0.4699946 0.3448734 0.3491803 -0.2032102 -0.1060522 -0.1958794 -0.1399420 -0.2196538 -0.2015719 -0.1929219
-0.1068636 -0.1830029 -0.1702285 -0.1412627 -0.1206636 -0.0810476 -0.2082908 -0.1619484 -0.1170186 0.3252375 -0.2226508 -0.2115429 -0.1464521 -0.2083248 -0.1678634 0.3493982 0.2213563 -0.1488748 0.2895465 0.3533396 0.2965803 0.3015639 0.2788601 0.2872570 -0.1798382 -0.1867665 -0.1680552 -0.1608460 0.2954074 -0.2025741 -0.1916580 -0.2105631 -0.2062006 -0.1667462 0.3377072 0.9791107 0.3499581 0.3286620 0.4063682 -0.1883006 -0.0750740 -0.1857283 -0.1114183 -0.2010646 -0.1904443 -0.1865339
-0.1189390 -0.1921256 -0.1799677 -0.1542894 -0.1364118 -0.0961454 -0.2273487 -0.1728341 -0.1385408 0.4340905 -0.2381642 -0.2261799 -0.1589361 -0.2220786 -0.1780606 0.4697846 0.2169210 -0.1698217 0.2625144 0.4304666 0.2864963 0.3101340 0.2718239 0.2814566 -0.1945258 -0.2008389 -0.1760647 -0.1764745 0.3230815 -0.2161177 -0.2062583 -0.2257399 -0.2140377 -0.1775541 0.4699946 0.3499581 0.9774033 0.3408526 0.4059789 -0.2006967 -0.0934139 -0.1979343 -0.1454297 -0.2176234 -0.2045558 -0.1940409
-0.1041628 -0.1826447 -0.1614503 -0.1352537 -0.1254862 -0.0851945 -0.2061881 -0.1615430 -0.1198425 0.3149578 -0.2195582 -0.2053075 -0.1478794 -0.2038613 -0.1662860 0.3453552 0.2061388 -0.1619582 0.3239919 0.3341183 0.3049690 0.3724948 0.2612312 0.2954533 -0.1830670 -0.1869904 -0.1629012 -0.1645998 0.3139895 -0.2003145 -0.1869520 -0.2060334 -0.1907965 -0.1664857 0.3448734 0.3286620 0.3408526 0.9441121 0.3274651 -0.1840228 -0.0740258 -0.1847132 -0.1219934 -0.2047404 -0.1865071 -0.1787560
-0.1056516 -0.1860491 -0.1696888 -0.1373845 -0.1296362 -0.0806207 -0.2103042 -0.1645097 -0.1255246 0.3526444 -0.2268809 -0.2101019 -0.1472544 -0.2099594 -0.1686297 0.3411193 0.2153483 -0.1526233 0.2935263 0.3940239 0.2966285 0.2985562 0.2682189 0.2982448 -0.1887936 -0.1952058 -0.1717389 -0.1718785 0.2848267 -0.2061550 -0.1962182 -0.2151039 -0.2089169 -0.1709600 0.3491803 0.4063682 0.4059789 0.3274651 0.9615307 -0.1956301 -0.0751022 -0.1845924 -0.1182507 -0.2070508 -0.1886480 -0.1847646
0.0474603 0.0405374 0.0384200 0.0420221 0.0332121 0.0035169 0.0463571 0.0321704 0.0369708 -0.2022469 0.0453434 0.0460101 0.0313640 0.0396917 0.0428883 -0.2059295 -0.1444806 0.0315239 -0.1661518 -0.2000871 -0.1800507 -0.1778023 -0.1730213 -0.1743124 0.0506835 0.0465357 0.0371786 0.0391646 -0.1801611 0.0495486 0.0293027 0.0373440 0.0369430 0.0507464 -0.2032102 -0.1883006 -0.2006967 -0.1840228 -0.1956301 1.1535804 0.1075311 0.2023282 0.1434204 0.2267523 0.2295731 0.2293080
0.0047317 -0.0018940 0.0018588 0.0018240 -0.0065475 -0.0197939 -0.0038798 -0.0093306 -0.0014754 -0.1002043 -0.0093852 0.0090316 0.0032623 -0.0050203 -0.0097736 -0.0972950 -0.0386520 -0.0095453 -0.0626855 -0.0855284 -0.0773212 -0.0627034 -0.0649837 -0.0769981 0.0030887 0.0030524 -0.0015505 -0.0030397 -0.0754419 -0.0053581 -0.0178443 -0.0131424 -0.0093415 0.0025881 -0.1060522 -0.0750740 -0.0934139 -0.0740258 -0.0751022 0.1075311 1.0383120 0.1105275 0.0773482 0.1118693 0.1073533 0.0907622
0.0140497 0.0355489 0.0426979 0.0354287 0.0205586 0.0014771 0.0520591 0.0253968 0.0182587 -0.1965083 0.0510859 0.0546732 0.0290815 0.0464695 0.0401709 -0.1992237 -0.1388817 0.0304556 -0.1711108 -0.1880905 -0.1731050 -0.1751239 -0.1692153 -0.1721835 0.0548100 0.0516166 0.0452141 0.0470967 -0.1863575 0.0536447 0.0402762 0.0435189 0.0403459 0.0591733 -0.1958794 -0.1857283 -0.1979343 -0.1847132 -0.1845924 0.2023282 0.1105275 1.1490808 0.1324096 0.1989210 0.2120292 0.2150679
0.0232268 0.0094717 0.0139614 0.0105121 0.0011942 -0.0077684 0.0225548 0.0080353 0.0057533 -0.1363563 0.0181148 0.0214492 0.0108181 0.0100465 0.0064965 -0.1356052 -0.0796453 0.0038571 -0.0920958 -0.1312877 -0.1163702 -0.1176070 -0.1000047 -0.0946524 0.0233573 0.0220845 0.0222162 0.0311566 -0.1154142 0.0174082 0.0037144 0.0029960 0.0071371 0.0359769 -0.1399420 -0.1114183 -0.1454297 -0.1219934 -0.1182507 0.1434204 0.0773482 0.1324096 1.0645510 0.1646249 0.1383823 0.1258150
0.0361104 0.0453349 0.0432584 0.0361210 0.0271498 0.0008655 0.0677020 0.0349427 0.0282460 -0.2217981 0.0637072 0.0660010 0.0362085 0.0484235 0.0409052 -0.2214081 -0.1465612 0.0377688 -0.1764174 -0.2094791 -0.1971266 -0.1906266 -0.1865773 -0.1877282 0.0621768 0.0554237 0.0504420 0.0517188 -0.1946601 0.0624657 0.0438941 0.0455685 0.0443026 0.0612193 -0.2196538 -0.2010646 -0.2176234 -0.2047404 -0.2070508 0.2267523 0.1118693 0.1989210 0.1646249 1.1878493 0.2337355 0.2187368
0.0329663 0.0418898 0.0322744 0.0422716 0.0245219 0.0081653 0.0493911 0.0344055 0.0317031 -0.2056686 0.0532021 0.0529164 0.0316941 0.0415961 0.0353586 -0.2057512 -0.1451714 0.0346873 -0.1694758 -0.1944058 -0.1765506 -0.1803340 -0.1726089 -0.1736773 0.0460839 0.0437946 0.0402633 0.0419407 -0.1833935 0.0499836 0.0325401 0.0408896 0.0384574 0.0570306 -0.2015719 -0.1904443 -0.2045558 -0.1865071 -0.1886480 0.2295731 0.1073533 0.2120292 0.1383823 0.2337355 1.1475351 0.2105607
0.0294682 0.0371203 0.0347838 0.0380333 0.0252602 0.0149531 0.0443886 0.0349120 0.0252723 -0.2044960 0.0484990 0.0497999 0.0273758 0.0411876 0.0318270 -0.2058275 -0.1349110 0.0313480 -0.1682503 -0.1894969 -0.1761516 -0.1771327 -0.1789477 -0.1761873 0.0509522 0.0572121 0.0425391 0.0424556 -0.1869088 0.0560568 0.0358487 0.0452444 0.0356646 0.0527970 -0.1929219 -0.1865339 -0.1940409 -0.1787560 -0.1847646 0.2293080 0.0907622 0.2150679 0.1258150 0.2187368 0.2105607 1.1661255
