1.2601267 -0.0244511 -0.0461709 0.1152164 0.1406724 0.1060067 -0.0536542 0.0994878 0.3272144 -0.1284081 -0.0568716 -0.0369883 -0.0183875 -0.0708426 0.0893684 -0.1549516 -0.0398262 0.0962233 -0.0619225 -0.1226341 -0.1066730 -0.0881392 -0.0897062 -0.1002358 -0.0244934 -0.0264470 -0.0221518 -0.0303038 -0.0661402 -0.0687183 -0.0600929 -0.0785950 -0.0704780 -0.0343305 -0.1366925 -0.1136239 -0.1342158 -0.1075604 -0.1089309 0.0521246 -0.0035317 -0.0249219 0.0194093 0.0187541 0.0155155 0.0101286
-0.0244511 1.1234727 0.0980579 0.0065550 -0.0003549 -0.0088862 0.1216089 0.0054981 -0.0106348 -0.1712254 0.2153556 0.1299788 0.1105132 0.2043087 0.0211222 -0.1718616 -0.1391442 0.0069813 -0.1749011 -0.1733298 -0.1679701 -0.1712466 -0.1607139 -0.1523866 0.0855436 0.0900258 0.0834908 0.0814098 -0.1703547 0.1185568 0.1319725 0.1452849 0.1204548 0.0568374 -0.1903418 -0.1744667 -0.1742139 -0.1736371 -0.1755154 -0.0382831 -0.0475980 -0.0394466 -0.0549036 -0.0315484 -0.0324209 -0.0456303
-0.0461709 0.0980579 1.1121482 -0.0186720 -0.0136036 -0.0220829 0.3486565 -0.0072608 -0.0170050 -0.1659071 0.1306977 0.2045794 0.1106866 0.0965908 0.0141366 -0.1647077 -0.1183778 -0.0013423 -0.1449010 -0.1527768 -0.1401193 -0.1561586 -0.1434998 -0.1361751 0.1131045 0.1217244 0.0854369 0.0695632 -0.1593502 0.0466927 0.0538605 0.0294232 0.0428020 0.0796435 -0.1724441 -0.1642677 -0.1689076 -0.1474767 -0.1602892 -0.0335848 -0.0334488 -0.0152941 -0.0351708 -0.0251994 -0.0417569 -0.0394152
0.1152164 0.0065550 -0.0186720 1.1096170 0.1230765 0.1543999 -0.0326779 0.2379640 0.1375436 -0.1362026 -0.0288629 -0.0229646 0.0109676 -0.0157918 0.1771185 -0.1700357 -0.0929303 0.2149759 -0.1213119 -0.1401504 -0.1312436 -0.1258288 -0.1327514 -0.1461417 -0.0088797 -0.0033355 0.0061495 -0.0037955 -0.1313904 -0.0021476 -0.0037074 0.0030472 -0.0106188 0.0019540 -0.1562387 -0.1437551 -0.1569192 -0.1325868 -0.1309813 0.0080288 -0.0259774 -0.0065267 -0.0293102 -0.0140925 0.0079266 -0.0029342
0.1406724 -0.0003549 -0.0136036 0.1230765 1.0836480 0.1322731 -0.0259626 0.1833254 0.1571196 -0.1320269 -0.0283730 -0.0228723 0.0005202 -0.0061829 0.2014378 -0.1447862 -0.0738148 0.1899116 -0.1070796 -0.1415547 -0.1117695 -0.1224841 -0.1218326 -0.1203141 0.0019617 0.0101042 0.0054187 -0.0100619 -0.1192163 -0.0093346 0.0095113 -0.0065744 -0.0117749 0.0170601 -0.1493625 -0.1138690 -0.1347136 -0.1252195 -0.1286180 -0.0100324 -0.0446327 -0.0363827 -0.0494554 -0.0298001 -0.0283512 -0.0276824
0.1060067 -0.0088862 -0.0220829 0.1543999 0.1322731 1.1234237 -0.0357116 0.1287284 0.1912893 -0.0988037 -0.0341360 -0.0334242 -0.0098455 -0.0317889 0.1040497 -0.1173172 -0.0345437 0.1476405 -0.0653648 -0.0905842 -0.0881641 -0.0850773 -0.0955405 -0.0889435 -0.0162304 -0.0054185 -0.0032191 -0.0133185 -0.0838978 -0.0337491 -0.0297778 -0.0424692 -0.0453988 -0.0108940 -0.1107009 -0.0804973 -0.1059754 -0.0905891 -0.0764034 -0.0479515 -0.0642723 -0.0525771 -0.0528602 -0.0592693 -0.0380837 -0.0241474
-0.0536542 0.1216089 0.3486565 -0.0326779 -0.0259626 -0.0357116 1.2206230 -0.0146197 -0.0256765 -0.2055651 0.4378929 0.4586264 0.1048123 0.1152555 0.0061705 -0.2060363 -0.1559154 -0.0058786 -0.1836088 -0.1954712 -0.1831848 -0.1908436 -0.1859625 -0.1805657 0.1243163 0.1191380 0.1070396 0.0908281 -0.1960917 0.0222639 0.0561109 0.0701744 0.0722730 0.0841315 -0.2107572 -0.1944465 -0.2136340 -0.1930124 -0.1958319 -0.0532009 -0.0582809 -0.0282935 -0.0383790 -0.0126847 -0.0421717 -0.0563527
0.0994878 0.0054981 -0.0072608 0.2379640 0.1833254 0.1287284 -0.0146197 1.1963780 0.1409260 -0.1420433 -0.0204722 -0.0161983 0.0095870 -0.0089654 0.4334145 -0.1707159 -0.1079304 0.3176111 -0.1540691 -0.1642731 -0.1540574 -0.1590617 -0.1528239 -0.1493267 0.0089318 0.0061071 0.0057565 0.0041201 -0.1397752 -0.0049371 -0.0044080 -0.0069127 -0.0094204 0.0134066 -0.1735491 -0.1634808 -0.1688788 -0.1670169 -0.1649306 -0.0381886 -0.0641464 -0.0523850 -0.0532554 -0.0429792 -0.0326764 -0.0339895
0.3272144 -0.0106348 -0.0170050 0.1375436 0.1571196 0.1912893 -0.0256765 0.1409260 1.1063920 -0.1446773 -0.0351349 -0.0255086 -0.0013155 -0.0392269 0.1130471 -0.1569253 -0.0675848 0.1613614 -0.1031917 -0.1327770 -0.1216821 -0.1105988 -0.1142296 -0.1137956 0.0033004 -0.0029483 -0.0007754 -0.0055729 -0.1072159 -0.0332939 -0.0361233 -0.0574775 -0.0517023 -0.0077846 -0.1445520 -0.1120409 -0.1475176 -0.1203190 -0.1261732 0.0072969 -0.0269197 -0.0340840 -0.0306023 -0.0177892 -0.0039807 -0.0200480
-0.1284081 -0.1712254 -0.1659071 -0.1362026 -0.1320269 -0.0988037 -0.2055651 -0.1420433 -0.1446773 1.0534843 -0.2145161 -0.2072204 -0.1474835 -0.2037500 -0.1540636 0.5214145 0.1761185 -0.1577506 0.1172897 0.4003758 0.1806251 0.1932012 0.1886894 0.2055872 -0.1852120 -0.1834209 -0.1620414 -0.1606280 0.4376160 -0.1977368 -0.1861858 -0.2113665 -0.1991036 -0.1669274 0.6089555 0.2724542 0.4940729 0.2476161 0.3274681 -0.1966161 -0.1228428 -0.1861675 -0.1478247 -0.2210684 -0.2025171 -0.2012944
-0.0568716 0.2153556 0.1306977 -0.0288629 -0.0283730 -0.0341360 0.4378929 -0.0204722 -0.0351349 -0.2145161 1.3721638 0.5044491 0.1155855 0.2165698 -0.0021057 -0.2110792 -0.1649646 -0.0190390 -0.1961422 -0.2092667 -0.1927080 -0.1974062 -0.1935895 -0.1915081 0.1110146 0.1177887 0.1083444 0.0998048 -0.2025797 0.0795050 0.0801907 0.1255278 0.0961646 0.0911938 -0.2193758 -0.2116506 -0.2223718 -0.2075157 -0.2172523 -0.0727480 -0.0783207 -0.0460001 -0.0604461 -0.0375700 -0.0534301 -0.0656065
-0.0369883 0.1299788 0.2045794 -0.0229646 -0.0228723 -0.0334242 0.4586264 -0.0161983 -0.0255086 -0.2072204 0.5044491 1.2161624 0.1125435 0.1367888 0.0053818 -0.2104055 -0.1550589 -0.0081927 -0.1795696 -0.1940341 -0.1864150 -0.1946027 -0.1872759 -0.1824564 0.1044797 0.1154399 0.0832168 0.0752933 -0.1964131 0.0400353 0.0641399 0.0641208 0.0786190 0.0548233 -0.2206344 -0.2003760 -0.2120302 -0.1886749 -0.1930634 -0.0529760 -0.0314759 -0.0231325 -0.0417523 -0.0140338 -0.0351520 -0.0446626
-0.0183875 0.1105132 0.1106866 0.0109676 0.0005202 -0.0098455 0.1048123 0.0095870 -0.0013155 -0.1474835 0.1155855 0.1125435 1.0990251 0.0837353 0.0368744 -0.1517043 -0.1017755 0.0160266 -0.1414102 -0.1415108 -0.1383070 -0.1394753 -0.1252066 -0.1277945 0.1112055 0.1051309 0.1119014 0.0736469 -0.1427389 0.0322600 0.0384616 0.0388861 0.0392742 0.0519811 -0.1565781 -0.1389891 -0.1490833 -0.1423143 -0.1365115 -0.0317728 -0.0271453 -0.0299410 -0.0354991 -0.0266506 -0.0294202 -0.0402758
-0.0708426 0.2043087 0.0965908 -0.0157918 -0.0061829 -0.0317889 0.1152555 -0.0089654 -0.0392269 -0.2037500 0.2165698 0.1367888 0.0837353 1.1658933 -0.0035003 -0.1936766 -0.1460689 -0.0051277 -0.1878483 -0.1957019 -0.1753207 -0.1879465 -0.1741264 -0.1704818 0.0894143 0.0957583 0.0983827 0.0939500 -0.1945105 0.2225202 0.2484974 0.3475400 0.2665417 0.0603090 -0.2126992 -0.1992461 -0.2072288 -0.1887270 -0.1981534 -0.0679740 -0.0669241 -0.0403039 -0.0725743 -0.0549472 -0.0582435 -0.0619898
0.0893684 0.0211222 0.0141366 0.1771185 0.2014378 0.1040497 0.0061705 0.4334145 0.1130471 -0.1540636 -0.0021057 0.0053818 0.0368744 -0.0035003 1.1712649 -0.1728277 -0.1039165 0.2680392 -0.1627241 -0.1657584 -0.1642123 -0.1677954 -0.1663799 -0.1592090 0.0106944 0.0262274 0.0180743 0.0056710 -0.1470994 0.0115462 0.0176970 0.0047716 0.0040336 0.0207902 -0.1808776 -0.1661289 -0.1669869 -0.1662907 -0.1628265 -0.0231450 -0.0668664 -0.0265308 -0.0607539 -0.0365598 -0.0380787 -0.0467324
-0.1549516 -0.1718616 -0.1647077 -0.1700357 -0.1447862 -0.1173172 -0.2060363 -0.1707159 -0.1569253 0.5214145 -0.2110792 -0.2104055 -0.1517043 -0.1936766 -0.1728277 0.9225870 0.1543603 -0.1651821 0.1497377 0.4867867 0.2034146 0.2398700 0.1537928 0.2128422 -0.1767406 -0.1785732 -0.1638745 -0.1628787 0.2984162 -0.1964783 -0.1833375 -0.2016336 -0.1864834 -0.1669063 0.6879878 0.3134415 0.5580115 0.3034050 0.2953153 -0.2009279 -0.1156461 -0.1885663 -0.1434212 -0.2159804 -0.1988442 -0.2011878
-0.0398262 -0.1391442 -0.1183778 -0.0929303 -0.0738148 -0.0345437 -0.1559154 -0.1079304 -0.0675848 0.1761185 -0.1649646 -0.1550589 -0.1017755 -0.1460689 -0.1039165 0.1543603 0.9633892 -0.0962568 0.1839510 0.1512543 0.2704411 0.1903277 0.2553564 0.2493593 -0.1236686 -0.1215826 -0.1113032 -0.1007019 0.1951428 -0.1452887 -0.1347150 -0.1473894 -0.1374546 -0.1107162 0.1318586 0.2123545 0.1674316 0.1889594 0.1919271 -0.1590568 -0.0194656 -0.1512777 -0.0717721 -0.1515003 -0.1593267 -0.1426661
0.0962233 0.0069813 -0.0013423 0.2149759 0.1899116 0.1476405 -0.0058786 0.3176111 0.1613614 -0.1577506 -0.0190390 -0.0081927 0.0160266 -0.0051277 0.2680392 -0.1651821 -0.0962568 1.1671722 -0.1436109 -0.1530796 -0.1456496 -0.1578011 -0.1382755 -0.1357396 0.0088612 0.0234544 0.0143492 0.0004467 -0.1380230 -0.0011434 0.0084915 -0.0057091 -0.0045619 0.0066305 -0.1744510 -0.1395904 -0.1689369 -0.1718795 -0.1445451 -0.0366906 -0.0635282 -0.0393824 -0.0604507 -0.0360311 -0.0311982 -0.0403575
-0.0619225 -0.1749011 -0.1449010 -0.1213119 -0.1070796 -0.0653648 -0.1836088 -0.1540691 -0.1031917 0.1172897 -0.1961422 -0.1795696 -0.1414102 -0.1878483 -0.1627241 0.1497377 0.1839510 -0.1436109 0.9882330 0.2107336 0.3653343 0.4601476 0.3794839 0.3269871 -0.1682936 -0.1633687 -0.1538644 -0.1433385 0.2829480 -0.1840949 -0.1657093 -0.1788594 -0.1777235 -0.1434964 0.1381709 0.2745267 0.1576026 0.3526811 0.2658990 -0.1586173 -0.0436926 -0.1730859 -0.0632708 -0.1651854 -0.1656149 -0.1682158
-0.1226341 -0.1733298 -0.1527768 -0.1401504 -0.1415547 -0.0905842 -0.1954712 -0.1642731 -0.1327770 0.4003758 -0.2092667 -0.1940341 -0.1415108 -0.1957019 -0.1657584 0.4867867 0.1512543 -0.1530796 0.2107336 0.8469591 0.2099518 0.2502118 0.1702398 0.1976326 -0.1710391 -0.1779886 -0.1564156 -0.1616052 0.2663732 -0.2005189 -0.1820844 -0.2020032 -0.1940853 -0.1612780 0.4844181 0.3416387 0.4740583 0.2994277 0.4176348 -0.1955543 -0.0891360 -0.1738394 -0.1319595 -0.1981428 -0.1835652 -0.1762957
-0.1066730 -0.1679701 -0.1401193 -0.1312436 -0.1117695 -0.0881641 -0.1831848 -0.1540574 -0.1216821 0.1806251 -0.1927080 -0.1864150 -0.1383070 -0.1753207 -0.1642123 0.2034146 0.2704411 -0.1456496 0.3653343 0.2099518 0.9505362 0.3371116 0.4310031 0.4437070 -0.1686454 -0.1687272 -0.1454331 -0.1446534 0.2486285 -0.1677243 -0.1612001 -0.1740296 -0.1678910 -0.1436052 0.1648790 0.2745442 0.1921562 0.3012627 0.2586805 -0.1853411 -0.0761254 -0.1739128 -0.1145890 -0.2028817 -0.1750405 -0.1802112
-0.0881392 -0.1712466 -0.1561586 -0.1258288 -0.1224841 -0.0850773 -0.1908436 -0.1590617 -0.1105988 0.1932012 -0.1974062 -0.1946027 -0.1394753 -0.1879465 -0.1677954 0.2398700 0.1903277 -0.1578011 0.4601476 0.2502118 0.3371116 0.9253256 0.3365112 0.2629048 -0.1693729 -0.1633973 -0.1556712 -0.1517216 0.3068447 -0.1875498 -0.1766812 -0.1899715 -0.1877293 -0.1519207 0.2024622 0.2754955 0.2388615 0.4237761 0.2572480 -0.1706701 -0.0424789 -0.1683309 -0.1112641 -0.1799177 -0.1742221 -0.1722666
-0.0897062 -0.1607139 -0.1434998 -0.1327514 -0.1218326 -0.0955405 -0.1859625 -0.1528239 -0.1142296 0.1886894 -0.1935895 -0.1872759 -0.1252066 -0.1741264 -0.1663799 0.1537928 0.2553564 -0.1382755 0.3794839 0.1702398 0.4310031 0.3365112 1.0416551 0.3781071 -0.1573222 -0.1621065 -0.1511574 -0.1338072 0.4034347 -0.1778449 -0.1726699 -0.1776773 -0.1740867 -0.1264293 0.1389959 0.2502608 0.1692806 0.2238603 0.2128475 -0.1725978 -0.0489796 -0.1691191 -0.0787976 -0.1840342 -0.1720405 -0.1899490
-0.1002358 -0.1523866 -0.1361751 -0.1461417 -0.1203141 -0.0889435 -0.1805657 -0.1493267 -0.1137956 0.2055872 -0.1915081 -0.1824564 -0.1277945 -0.1704818 -0.1592090 0.2128422 0.2493593 -0.1357396 0.3269871 0.1976326 0.4437070 0.2629048 0.3781071 0.9202259 -0.1574454 -0.1582202 -0.1469090 -0.1301834 0.2384943 -0.1679509 -0.1591241 -0.1638660 -0.1509966 -0.1244346 0.1639179 0.2693130 0.2065301 0.2948550 0.2794697 -0.1801685 -0.0795660 -0.1791723 -0.0749133 -0.1912630 -0.1771732 -0.1875367
-0.0244934 0.0855436 0.1131045 -0.0088797 0.0019617 -0.0162304 0.1243163 0.0089318 0.0033004 -0.1852120 0.1110146 0.1044797 0.1112055 0.0894143 0.0106944 -0.1767406 -0.1236686 0.0088612 -0.1682936 -0.1710391 -0.1686454 -0.1693729 -0.1573222 -0.1574454 1.1244466 0.3598766 0.1321502 0.1383259 -0.1727686 0.0488571 0.0460638 0.0391886 0.0384861 0.0704069 -0.1849502 -0.1678484 -0.1794375 -0.1759112 -0.1823480 -0.0109723 -0.0317310 0.0057339 -0.0190797 0.0093100 -0.0160294 -0.0086627
-0.0264470 0.0900258 0.1217244 -0.0033355 0.0101042 -0.0054185 0.1191380 0.0061071 -0.0029483 -0.1834209 0.1177887 0.1154399 0.1051309 0.0957583 0.0262274 -0.1785732 -0.1215826 0.0234544 -0.1633687 -0.1779886 -0.1687272 -0.1633973 -0.1621065 -0.1582202 0.3598766 1.1334573 0.1216851 0.1561313 -0.1762176 0.0489968 0.0440401 0.0481249 0.0456093 0.0880831 -0.1916826 -0.1769525 -0.1879868 -0.1800205 -0.1918366 -0.0281478 -0.0359443 -0.0084437 -0.0269651 -0.0124575 -0.0301470 -0.0043133
-0.0221518 0.0834908 0.0854369 0.0061495 0.0054187 -0.0032191 0.1070396 0.0057565 -0.0007754 -0.1620414 0.1083444 0.0832168 0.1119014 0.0983827 0.0180743 -0.1638745 -0.1113032 0.0143492 -0.1538644 -0.1564156 -0.1454331 -0.1556712 -0.1511574 -0.1469090 0.1321502 0.1216851 1.2073680 0.1319313 -0.1519841 0.0416862 0.0473324 0.0478601 0.0650507 0.0865220 -0.1751633 -0.1616395 -0.1614151 -0.1533692 -0.1660150 -0.0321259 -0.0409352 -0.0074080 -0.0187018 -0.0088153 -0.0229435 -0.0183713
-0.0303038 0.0814098 0.0695632 -0.0037955 -0.0100619 -0.0133185 0.0908281 0.0041201 -0.0055729 -0.1606280 0.0998048 0.0752933 0.0736469 0.0939500 0.0056710 -0.1628787 -0.1007019 0.0004467 -0.1433385 -0.1616052 -0.1446534 -0.1517216 -0.1338072 -0.1301834 0.1383259 0.1561313 0.1319313 1.1721003 -0.1547425 0.0524345 0.0491688 0.0430434 0.0654167 0.1069083 -0.1762185 -0.1512548 -0.1690360 -0.1610083 -0.1722621 -0.0236470 -0.0407093 -0.0000036 0.0047180 -0.0008893 -0.0139065 -0.0147996
-0.0661402 -0.1703547 -0.1593502 -0.1313904 -0.1192163 -0.0838978 -0.1960917 -0.1397752 -0.1072159 0.4376160 -0.2025797 -0.1964131 -0.1427389 -0.1945105 -0.1470994 0.2984162 0.1951428 -0.1380230 0.2829480 0.2663732 0.2486285 0.3068447 0.4034347 0.2384943 -0.1727686 -0.1762176 -0.1519841 -0.1547425 0.9026979 -0.1958155 -0.1902196 -0.2104073 -0.1976543 -0.1650740 0.3462985 0.2515253 0.2723309 0.2912789 0.2193337 -0.1702617 -0.0709703 -0.1865950 -0.1077754 -0.1835323 -0.1764329 -0.1877228
-0.0687183 0.1185568 0.0466927 -0.0021476 -0.0093346 -0.0337491 0.0222639 -0.0049371 -0.0332939 -0.1977368 0.0795050 0.0400353 0.0322600 0.2225202 0.0115462 -0.1964783 -0.1452887 -0.0011434 -0.1840949 -0.2005189 -0.1677243 -0.1875498 -0.1778449 -0.1679509 0.0488571 0.0489968 0.0416862 0.0524345 -0.1958155 1.2240653 0.3234693 0.4487973 0.3813214 0.1162842 -0.2054323 -0.1905559 -0.1983666 -0.1856728 -0.1940772 -0.0352649 -0.0641473 -0.0166228 -0.0528711 -0.0149371 -0.0309662 -0.0171262
-0.0600929 0.1319725 0.0538605 -0.0037074 0.0095113 -0.0297778 0.0561109 -0.0044080 -0.0361233 -0.1861858 0.0801907 0.0641399 0.0384616 0.2484974 0.0176970 -0.1833375 -0.1347150 0.0084915 -0.1657093 -0.1820844 -0.1612001 -0.1766812 -0.1726699 -0.1591241 0.0460638 0.0440401 0.0473324 0.0491688 -0.1902196 0.3234693 1.1259427 0.4503130 0.4295707 0.0705180 -0.1885128 -0.1790793 -0.1884856 -0.1686589 -0.1851037 -0.0729951 -0.0884213 -0.0388446 -0.0781196 -0.0483514 -0.0631590 -0.0573710
-0.0785950 0.1452849 0.0294232 0.0030472 -0.0065744 -0.0424692 0.0701744 -0.0069127 -0.0574775 -0.2113665 0.1255278 0.0641208 0.0388861 0.3475400 0.0047716 -0.2016336 -0.1473894 -0.0057091 -0.1788594 -0.2020032 -0.1740296 -0.1899715 -0.1776773 -0.1638660 0.0391886 0.0481249 0.0478601 0.0430434 -0.2104073 0.4487973 0.4503130 1.2211614 0.4703638 0.0681616 -0.2086493 -0.1997309 -0.2097781 -0.1886923 -0.2049763 -0.0723019 -0.0855947 -0.0470947 -0.0895867 -0.0612381 -0.0607117 -0.0522834
-0.0704780 0.1204548 0.0428020 -0.0106188 -0.0117749 -0.0453988 0.0722730 -0.0094204 -0.0517023 -0.1991036 0.0961646 0.0786190 0.0392742 0.2665417 0.0040336 -0.1864834 -0.1374546 -0.0045619 -0.1777235 -0.1940853 -0.1678910 -0.1877293 -0.1740867 -0.1509966 0.0384861 0.0456093 0.0650507 0.0654167 -0.1976543 0.3813214 0.4295707 0.4703638 1.1805218 0.0914012 -0.1984554 -0.1984048 -0.1955709 -0.1682716 -0.2012912 -0.0640469 -0.0741775 -0.0442300 -0.0755881 -0.0543605 -0.0564274 -0.0619887
-0.0343305 0.0568374 0.0796435 0.0019540 0.0170601 -0.0108940 0.0841315 0.0134066 -0.0077846 -0.1669274 0.0911938 0.0548233 0.0519811 0.0603090 0.0207902 -0.1669063 -0.1107162 0.0066305 -0.1434964 -0.1612780 -0.1436052 -0.1519207 -0.1264293 -0.1244346 0.0704069 0.0880831 0.0865220 0.1069083 -0.1650740 0.1162842 0.0705180 0.0681616 0.0914012 1.1282971 -0.1768553 -0.1599106 -0.1679969 -0.1599659 -0.1654175 0.0068570 -0.0260907 0.0306637 0.0170134 0.0235111 0.0218799 0.0126443
-0.1366925 -0.1903418 -0.1724441 -0.1562387 -0.1493625 -0.1107009 -0.2107572 -0.1735491 -0.1445520 0.6089555 -0.2193758 -0.2206344 -0.1565781 -0.2126992 -0.1808776 0.6879878 0.1318586 -0.1744510 0.1381709 0.4844181 0.1648790 0.2024622 0.1389959 0.1639179 -0.1849502 -0.1916826 -0.1751633 -0.1762185 0.3462985 -0.2054323 -0.1885128 -0.2086493 -0.1984554 -0.1768553 1.0727522 0.2768742 0.5557099 0.2893348 0.2999631 -0.1871620 -0.1326817 -0.1727551 -0.1493355 -0.2047647 -0.1829655 -0.1655988
-0.1136239 -0.1744667 -0.1642677 -0.1437551 -0.1138690 -0.0804973 -0.1944465 -0.1634808 -0.1120409 0.2724542 -0.2116506 -0.2003760 -0.1389891 -0.1992461 -0.1661289 0.3134415 0.2123545 -0.1395904 0.2745267 0.3416387 0.2745442 0.2754955 0.2502608 0.2693130 -0.1678484 -0.1769525 -0.1616395 -0.1512548 0.2515253 -0.1905559 -0.1790793 -0.1997309 -0.1984048 -0.1599106 0.2768742 0.9703439 0.3138321 0.3123434 0.4592991 -0.1840274 -0.0700662 -0.1833164 -0.0991392 -0.1928233 -0.1884928 -0.1834007
-0.1342158 -0.1742139 -0.1689076 -0.1569192 -0.1347136 -0.1059754 -0.2136340 -0.1688788 -0.1475176 0.4940729 -0.2223718 -0.2120302 -0.1490833 -0.2072288 -0.1669869 0.5580115 0.1674316 -0.1689369 0.1576026 0.4740583 0.1921562 0.2388615 0.1692806 0.2065301 -0.1794375 -0.1879868 -0.1614151 -0.1690360 0.2723309 -0.1983666 -0.1884856 -0.2097781 -0.1955709 -0.1679969 0.5557099 0.3138321 0.9403231 0.2968305 0.4309925 -0.1897222 -0.1063844 -0.1860722 -0.1628708 -0.2078519 -0.1974118 -0.1757716
-0.1075604 -0.1736371 -0.1474767 -0.1325868 -0.1252195 -0.0905891 -0.1930124 -0.1670169 -0.1203190 0.2476161 -0.2075157 -0.1886749 -0.1423143 -0.1887270 -0.1662907 0.3034050 0.1889594 -0.1718795 0.3526811 0.2994277 0.3012627 0.4237761 0.2238603 0.2948550 -0.1759112 -0.1800205 -0.1533692 -0.1610083 0.2912789 -0.1856728 -0.1686589 -0.1886923 -0.1682716 -0.1599659 0.2893348 0.3123434 0.2968305 0.8864182 0.3025433 -0.1755443 -0.0657923 -0.1805215 -0.1194303 -0.2012315 -0.1788161 -0.1660249
-0.1089309 -0.1755154 -0.1602892 -0.1309813 -0.1286180 -0.0764034 -0.1958319 -0.1649306 -0.1261732 0.3274681 -0.2172523 -0.1930634 -0.1365115 -0.1981534 -0.1628265 0.2953153 0.1919271 -0.1445451 0.2658990 0.4176348 0.2586805 0.2572480 0.2128475 0.2794697 -0.1823480 -0.1918366 -0.1660150 -0.1722621 0.2193337 -0.1940772 -0.1851037 -0.2049763 -0.2012912 -0.1654175 0.2999631 0.4592991 0.4309925 0.3025433 0.9176274 -0.1934759 -0.0683302 -0.1728355 -0.1102915 -0.1997765 -0.1774360 -0.1721656
0.0521246 -0.0382831 -0.0335848 0.0080288 -0.0100324 -0.0479515 -0.0532009 -0.0381886 0.0072969 -0.1966161 -0.0727480 -0.0529760 -0.0317728 -0.0679740 -0.0231450 -0.2009279 -0.1590568 -0.0366906 -0.1586173 -0.1955543 -0.1853411 -0.1706701 -0.1725978 -0.1801685 -0.0109723 -0.0281478 -0.0321259 -0.0236470 -0.1702617 -0.0352649 -0.0729951 -0.0723019 -0.0640469 0.0068570 -0.1871620 -0.1840274 -0.1897222 -0.1755443 -0.1934759 1.2348222 0.2385761 0.3904731 0.3014070 0.4367054 0.4529638 0.4652987
-0.0035317 -0.0475980 -0.0334488 -0.0259774 -0.0446327 -0.0642723 -0.0582809 -0.0641464 -0.0269197 -0.1228428 -0.0783207 -0.0314759 -0.0271453 -0.0669241 -0.0668664 -0.1156461 -0.0194656 -0.0635282 -0.0436926 -0.0891360 -0.0761254 -0.0424789 -0.0489796 -0.0795660 -0.0317310 -0.0359443 -0.0409352 -0.0407093 -0.0709703 -0.0641473 -0.0884213 -0.0855947 -0.0741775 -0.0260907 -0.1326817 -0.0700662 -0.1063844 -0.0657923 -0.0683302 0.2385761 1.0535290 0.2331745 0.1825283 0.2371408 0.2315870 0.2010758
-0.0249219 -0.0394466 -0.0152941 -0.0065267 -0.0363827 -0.0525771 -0.0282935 -0.0523850 -0.0340840 -0.1861675 -0.0460001 -0.0231325 -0.0299410 -0.0403039 -0.0265308 -0.1885663 -0.1512777 -0.0393824 -0.1730859 -0.1738394 -0.1739128 -0.1683309 -0.1691191 -0.1791723 0.0057339 -0.0084437 -0.0074080 -0.0000036 -0.1865950 -0.0166228 -0.0388446 -0.0470947 -0.0442300 0.0306637 -0.1727551 -0.1833164 -0.1860722 -0.1805215 -0.1728355 0.3904731 0.2331745 1.2115111 0.2653869 0.3683846 0.4037559 0.4211421
0.0194093 -0.0549036 -0.0351708 -0.0293102 -0.0494554 -0.0528602 -0.0383790 -0.0532554 -0.0306023 -0.1478247 -0.0604461 -0.0417523 -0.0354991 -0.0725743 -0.0607539 -0.1434212 -0.0717721 -0.0604507 -0.0632708 -0.1319595 -0.1145890 -0.1112641 -0.0787976 -0.0749133 -0.0190797 -0.0269651 -0.0187018 0.0047180 -0.1077754 -0.0528711 -0.0781196 -0.0895867 -0.0755881 0.0170134 -0.1493355 -0.0991392 -0.1628708 -0.1194303 -0.1102915 0.3014070 0.1825283 0.2653869 1.0870771 0.3348417 0.2868170 0.2625616
0.0187541 -0.0315484 -0.0251994 -0.0140925 -0.0298001 -0.0592693 -0.0126847 -0.0429792 -0.0177892 -0.2210684 -0.0375700 -0.0140338 -0.0266506 -0.0549472 -0.0365598 -0.2159804 -0.1515003 -0.0360311 -0.1651854 -0.1981428 -0.2028817 -0.1799177 -0.1840342 -0.1912630 0.0093100 -0.0124575 -0.0088153 -0.0008893 -0.1835323 -0.0149371 -0.0483514 -0.0612381 -0.0543605 0.0235111 -0.2047647 -0.1928233 -0.2078519 -0.2012315 -0.1997765 0.4367054 0.2371408 0.3683846 0.3348417 1.2758714 0.4434791 0.4254676
0.0155155 -0.0324209 -0.0417569 0.0079266 -0.0283512 -0.0380837 -0.0421717 -0.0326764 -0.0039807 -0.2025171 -0.0534301 -0.0351520 -0.0294202 -0.0582435 -0.0380787 -0.1988442 -0.1593267 -0.0311982 -0.1656149 -0.1835652 -0.1750405 -0.1742221 -0.1720405 -0.1771732 -0.0160294 -0.0301470 -0.0229435 -0.0139065 -0.1764329 -0.0309662 -0.0631590 -0.0607117 -0.0564274 0.0218799 -0.1829655 -0.1884928 -0.1974118 -0.1788161 -0.1774360 0.4529638 0.2315870 0.4037559 0.2868170 0.4434791 1.2108839 0.4130314
0.0101286 -0.0456303 -0.0394152 -0.0029342 -0.0276824 -0.0241474 -0.0563527 -0.0339895 -0.0200480 -0.2012944 -0.0656065 -0.0446626 -0.0402758 -0.0619898 -0.0467324 -0.2011878 -0.1426661 -0.0403575 -0.1682158 -0.1762957 -0.1802112 -0.1722666 -0.1899490 -0.1875367 -0.0086627 -0.0043133 -0.0183713 -0.0147996 -0.1877228 -0.0171262 -0.0573710 -0.0522834 -0.0619887 0.0126443 -0.1655988 -0.1834007 -0.1757716 -0.1660249 -0.1721656 0.4652987 0.2010758 0.4211421 0.2625616 0.4254676 0.4130314 1.2805538
