1.0040663 0.0313006 0.0308262 0.0322910 -0.0136057 -0.0231988 -0.0130828 0.0823573 0.0833331 0.0816552 0.0318994 0.0306453 0.0284156 -0.0203490 -0.0174745 -0.0194133 0.0677472 0.0696860 0.0693454 -0.1285478 -0.1260592 -0.1293920 0.0882521 0.0898668 0.0883676 -0.1300515 -0.1351212 -0.1296628 0.1156050 -0.0139080 -0.0149967 -0.0159309 -0.1288582 -0.1248430 -0.1279512 -0.1138733 -0.1138447 -0.1123186
0.0313006 0.9935259 0.1968992 0.2113298 -0.0122676 -0.0211011 0.0510902 0.0219934 0.0230581 0.0245750 0.0998616 0.0976626 0.0982676 -0.0293901 -0.0307762 -0.0303256 0.0230729 0.0227592 0.0223307 -0.1311414 -0.1300540 -0.1296682 0.0234972 0.0238558 0.0225084 -0.1328178 -0.1379318 -0.1392318 0.0205792 -0.0233548 -0.0239981 -0.0231280 -0.1296696 -0.1276452 -0.1279882 -0.1163532 -0.1115962 -0.1133182
0.0308262 0.1968992 0.9910119 0.2103480 -0.0151599 -0.0218442 0.0449365 0.0232669 0.0233253 0.0244560 0.0946539 0.0946049 0.0941477 -0.0271144 -0.0278609 -0.0281145 0.0241450 0.0240539 0.0242285 -0.1291573 -0.1282825 -0.1295253 0.0225704 0.0231907 0.0220377 -0.1313313 -0.1367211 -0.1378981 0.0207423 -0.0211777 -0.0220499 -0.0221187 -0.1279066 -0.1273911 -0.1261775 -0.1143843 -0.1108831 -0.1122113
0.0322910 0.2113298 0.2103480 0.9977382 -0.0152964 -0.0214568 0.0510239 0.0245706 0.0246973 0.0250839 0.0990980 0.1007510 0.0980052 -0.0301911 -0.0300581 -0.0304160 0.0254006 0.0243016 0.0236411 -0.1319256 -0.1302506 -0.1322446 0.0245979 0.0254115 0.0238427 -0.1340786 -0.1421980 -0.1433023 0.0200900 -0.0236907 -0.0254156 -0.0236329 -0.1304101 -0.1291997 -0.1281866 -0.1163307 -0.1124106 -0.1135389
-0.0136057 -0.0122676 -0.0151599 -0.0152964 0.9044845 0.1259107 0.0188001 -0.0219691 -0.0222953 -0.0203230 -0.0068401 -0.0076122 -0.0069630 -0.0457970 -0.0457333 -0.0446728 -0.0308813 -0.0299788 -0.0264792 -0.0218501 -0.0213193 -0.0212210 -0.0231996 -0.0228966 -0.0230748 -0.0123958 -0.0099023 -0.0092835 0.0007434 -0.0362654 -0.0378097 -0.0386903 -0.0220011 -0.0197499 -0.0212723 -0.0242339 -0.0253681 -0.0250403
-0.0231988 -0.0211011 -0.0218442 -0.0214568 0.1259107 0.8995556 0.0248358 -0.0283452 -0.0279025 -0.0273616 -0.0156068 -0.0164084 -0.0152382 -0.0458427 -0.0467390 -0.0471295 -0.0359713 -0.0350113 -0.0339324 -0.0091551 -0.0085876 -0.0096652 -0.0327926 -0.0324508 -0.0322407 0.0049288 0.0027423 -0.0003408 -0.0116475 -0.0369204 -0.0371936 -0.0371423 -0.0095988 -0.0066598 -0.0065743 -0.0133180 -0.0111092 -0.0132309
-0.0130828 0.0510902 0.0449365 0.0510239 0.0188001 0.0248358 0.9057528 -0.0189612 -0.0180265 -0.0179990 0.0168804 0.0153195 0.0169722 -0.0390482 -0.0406571 -0.0398101 -0.0231668 -0.0239932 -0.0231142 -0.0380665 -0.0376520 -0.0369158 -0.0266975 -0.0242590 -0.0252470 -0.0276899 -0.0301658 -0.0302045 -0.0119234 -0.0321636 -0.0338337 -0.0324289 -0.0363842 -0.0358726 -0.0349121 -0.0370161 -0.0354191 -0.0374379
0.0823573 0.0219934 0.0232669 0.0245706 -0.0219691 -0.0283452 -0.0189612 0.9768862 0.2143771 0.1882917 0.0234812 0.0258509 0.0231597 -0.0297235 -0.0277088 -0.0289679 0.0566165 0.0562881 0.0566067 -0.1367159 -0.1348917 -0.1364403 0.1004266 0.1015094 0.1006234 -0.1392951 -0.1458592 -0.1462154 0.0697397 -0.0209218 -0.0239299 -0.0219448 -0.1358957 -0.1345649 -0.1348424 -0.1216360 -0.1194494 -0.1182891
0.0833331 0.0230581 0.0233253 0.0246973 -0.0222953 -0.0279025 -0.0180265 0.2143771 0.9811946 0.2042467 0.0239884 0.0252477 0.0236428 -0.0306739 -0.0276059 -0.0280065 0.0590984 0.0582811 0.0588798 -0.1386940 -0.1368456 -0.1383392 0.0993004 0.1021635 0.1013436 -0.1409854 -0.1475501 -0.1483122 0.0726288 -0.0200882 -0.0225859 -0.0232319 -0.1369604 -0.1366792 -0.1376230 -0.1252470 -0.1211339 -0.1222672
0.0816552 0.0245750 0.0244560 0.0250839 -0.0203230 -0.0273616 -0.0179990 0.1882917 0.2042467 0.9654350 0.0245523 0.0252965 0.0232574 -0.0292010 -0.0282740 -0.0268650 0.0583524 0.0575427 0.0598934 -0.1361889 -0.1348696 -0.1359594 0.0977585 0.1006520 0.0983053 -0.1389841 -0.1449261 -0.1456242 0.0718565 -0.0213462 -0.0220504 -0.0217307 -0.1350193 -0.1342332 -0.1357907 -0.1223924 -0.1198515 -0.1198875
0.0318994 0.0998616 0.0946539 0.0990980 -0.0068401 -0.0156068 0.0168804 0.0234812 0.0239884 0.0245523 0.9606655 0.1804687 0.1637015 -0.0257725 -0.0260402 -0.0267213 0.0242552 0.0246171 0.0231633 -0.1240990 -0.1221213 -0.1224276 0.0236795 0.0230809 0.0234859 -0.1250611 -0.1312710 -0.1318697 0.0252547 -0.0186130 -0.0206809 -0.0206318 -0.1217856 -0.1198570 -0.1207776 -0.1072353 -0.1050961 -0.1065820
0.0306453 0.0976626 0.0946049 0.1007510 -0.0076122 -0.0164084 0.0153195 0.0258509 0.0252477 0.0252965 0.1804687 0.9654445 0.1684822 -0.0269080 -0.0250401 -0.0262007 0.0252675 0.0251920 0.0241205 -0.1239932 -0.1227095 -0.1230834 0.0260214 0.0250582 0.0249927 -0.1277009 -0.1332663 -0.1354181 0.0235302 -0.0165643 -0.0216904 -0.0203244 -0.1231435 -0.1217802 -0.1204663 -0.1106238 -0.1081263 -0.1070806
0.0284156 0.0982676 0.0941477 0.0980052 -0.0069630 -0.0152382 0.0169722 0.0231597 0.0236428 0.0232574 0.1637015 0.1684822 0.9568042 -0.0251368 -0.0258352 -0.0257673 0.0221198 0.0221282 0.0212544 -0.1209930 -0.1188270 -0.1202406 0.0218470 0.0218330 0.0220237 -0.1231006 -0.1282082 -0.1301945 0.0223142 -0.0173330 -0.0182916 -0.0196953 -0.1195104 -0.1182226 -0.1176956 -0.1066571 -0.1031425 -0.1039634
-0.0203490 -0.0293901 -0.0271144 -0.0301911 -0.0457970 -0.0458427 -0.0390482 -0.0297235 -0.0306739 -0.0292010 -0.0257725 -0.0269080 -0.0251368 0.9612203 0.2148315 0.2095383 -0.0267382 -0.0269490 -0.0260533 -0.0644175 -0.0626621 -0.0626263 -0.0406618 -0.0390374 -0.0408602 -0.0658126 -0.0700923 -0.0707848 -0.0285230 0.0896671 0.0886705 0.0901251 -0.0614533 -0.0632826 -0.0621405 -0.0547075 -0.0531808 -0.0548693
-0.0174745 -0.0307762 -0.0278609 -0.0300581 -0.0457333 -0.0467390 -0.0406571 -0.0277088 -0.0276059 -0.0282740 -0.0260402 -0.0250401 -0.0258352 0.2148315 0.9638744 0.2099913 -0.0255709 -0.0259459 -0.0237995 -0.0655122 -0.0638415 -0.0644265 -0.0383344 -0.0367043 -0.0379619 -0.0672916 -0.0707904 -0.0707503 -0.0267713 0.0886693 0.0886141 0.0900516 -0.0629044 -0.0639930 -0.0640903 -0.0577499 -0.0549452 -0.0546272
-0.0194133 -0.0303256 -0.0281145 -0.0304160 -0.0446728 -0.0471295 -0.0398101 -0.0289679 -0.0280065 -0.0268650 -0.0267213 -0.0262007 -0.0257673 0.2095383 0.2099913 0.9575583 -0.0271786 -0.0275691 -0.0248209 -0.0633724 -0.0627962 -0.0625006 -0.0402067 -0.0385929 -0.0400286 -0.0661307 -0.0698026 -0.0705427 -0.0285341 0.0896973 0.0903324 0.0908887 -0.0621643 -0.0623968 -0.0628244 -0.0556526 -0.0552021 -0.0537597
0.0677472 0.0230729 0.0241450 0.0254006 -0.0308813 -0.0359713 -0.0231668 0.0566165 0.0590984 0.0583524 0.0242552 0.0252675 0.0221198 -0.0267382 -0.0255709 -0.0271786 1.0316666 0.3527822 0.2814333 -0.1509937 -0.1489954 -0.1504219 0.0796167 0.0801558 0.0784040 -0.1520867 -0.1609354 -0.1620397 0.0604369 -0.0193120 -0.0213780 -0.0204279 -0.1486906 -0.1477944 -0.1495257 -0.1350931 -0.1322365 -0.1329388
0.0696860 0.0227592 0.0240539 0.0243016 -0.0299788 -0.0350113 -0.0239932 0.0562881 0.0582811 0.0575427 0.0246171 0.0251920 0.0221282 -0.0269490 -0.0259459 -0.0275691 0.3527822 1.0340694 0.2827072 -0.1517026 -0.1503065 -0.1504230 0.0796700 0.0806194 0.0783141 -0.1531234 -0.1618807 -0.1616838 0.0639019 -0.0205289 -0.0222483 -0.0217179 -0.1482532 -0.1471266 -0.1495072 -0.1347002 -0.1321888 -0.1330129
0.0693454 0.0223307 0.0242285 0.0236411 -0.0264792 -0.0339324 -0.0231142 0.0566067 0.0588798 0.0598934 0.0231633 0.0241205 0.0212544 -0.0260533 -0.0237995 -0.0248209 0.2814333 0.2827072 1.0187014 -0.1476454 -0.1442585 -0.1455066 0.0803184 0.0806755 0.0786957 -0.1483079 -0.1549281 -0.1558774 0.0644643 -0.0193164 -0.0211133 -0.0199713 -0.1436644 -0.1415348 -0.1449589 -0.1315322 -0.1294665 -0.1283155
-0.1285478 -0.1311414 -0.1291573 -0.1319256 -0.0218501 -0.0091551 -0.0380665 -0.1367159 -0.1386940 -0.1361889 -0.1240990 -0.1239932 -0.1209930 -0.0644175 -0.0655122 -0.0633724 -0.1509937 -0.1517026 -0.1476454 1.0249356 0.2529178 0.2363954 -0.1793998 -0.1785425 -0.1773958 0.1957400 0.2017596 0.2030447 -0.1272892 -0.0518466 -0.0522075 -0.0537664 0.1946435 0.1924205 0.1951528 0.1592704 0.1568871 0.1581592
-0.1260592 -0.1300540 -0.1282825 -0.1302506 -0.0213193 -0.0085876 -0.0376520 -0.1348917 -0.1368456 -0.1348696 -0.1221213 -0.1227095 -0.1188270 -0.0626621 -0.0638415 -0.0627962 -0.1489954 -0.1503065 -0.1442585 0.2529178 1.0034370 0.2441445 -0.1762182 -0.1750452 -0.1754174 0.1923775 0.1939776 0.1957667 -0.1251257 -0.0503934 -0.0502343 -0.0515642 0.1887811 0.1871888 0.1921385 0.1550619 0.1544078 0.1554214
-0.1293920 -0.1296682 -0.1295253 -0.1322446 -0.0212210 -0.0096652 -0.0369158 -0.1364403 -0.1383392 -0.1359594 -0.1224276 -0.1230834 -0.1202406 -0.0626263 -0.0644265 -0.0625006 -0.1504219 -0.1504230 -0.1455066 0.2363954 0.2441445 1.0000452 -0.1769638 -0.1760147 -0.1767238 0.1954881 0.2025895 0.2035261 -0.1273645 -0.0499249 -0.0505345 -0.0513450 0.1952851 0.1918701 0.1936687 0.1576544 0.1585146 0.1577519
0.0882521 0.0234972 0.0225704 0.0245979 -0.0231996 -0.0327926 -0.0266975 0.1004266 0.0993004 0.0977585 0.0236795 0.0260214 0.0218470 -0.0406618 -0.0383344 -0.0402067 0.0796167 0.0796700 0.0803184 -0.1793998 -0.1762182 -0.1769638 1.1205900 0.4009012 0.4167809 -0.1788844 -0.1873285 -0.1897767 0.1184758 -0.0317519 -0.0354648 -0.0340343 -0.1770937 -0.1748311 -0.1756932 -0.1635619 -0.1599890 -0.1609090
0.0898668 0.0238558 0.0231907 0.0254115 -0.0228966 -0.0324508 -0.0242590 0.1015094 0.1021635 0.1006520 0.0230809 0.0250582 0.0218330 -0.0390374 -0.0367043 -0.0385929 0.0801558 0.0806194 0.0806755 -0.1785425 -0.1750452 -0.1760147 0.4009012 1.1118302 0.4029259 -0.1795180 -0.1871596 -0.1888044 0.1162809 -0.0333569 -0.0340501 -0.0336255 -0.1747806 -0.1735065 -0.1741100 -0.1628390 -0.1574448 -0.1585013
0.0883676 0.0225084 0.0220377 0.0238427 -0.0230748 -0.0322407 -0.0252470 0.1006234 0.1013436 0.0983053 0.0234859 0.0249927 0.0220237 -0.0408602 -0.0379619 -0.0400286 0.0784040 0.0783141 0.0786957 -0.1773958 -0.1754174 -0.1767238 0.4167809 0.4029259 1.1130645 -0.1778832 -0.1866853 -0.1882908 0.1165318 -0.0334480 -0.0353557 -0.0346758 -0.1751369 -0.1743485 -0.1753873 -0.1629032 -0.1577295 -0.1591709
-0.1300515 -0.1328178 -0.1313313 -0.1340786 -0.0123958 0.0049288 -0.0276899 -0.1392951 -0.1409854 -0.1389841 -0.1250611 -0.1277009 -0.1231006 -0.0658126 -0.0672916 -0.0661307 -0.1520867 -0.1531234 -0.1483079 0.1957400 0.1923775 0.1954881 -0.1788844 -0.1795180 -0.1778832 1.0078447 0.2593156 0.2621872 -0.1294465 -0.0533976 -0.0553184 -0.0546318 0.1915758 0.1901893 0.1926129 0.1587197 0.1543138 0.1544191
-0.1351212 -0.1379318 -0.1367211 -0.1421980 -0.0099023 0.0027423 -0.0301658 -0.1458592 -0.1475501 -0.1449261 -0.1312710 -0.1332663 -0.1282082 -0.0700923 -0.0707904 -0.0698026 -0.1609354 -0.1618807 -0.1549281 0.2017596 0.1939776 0.2025895 -0.1873285 -0.1871596 -0.1866853 0.2593156 1.0254642 0.3456947 -0.1341789 -0.0568454 -0.0584624 -0.0592875 0.1994583 0.1936274 0.1985378 0.1588260 0.1554141 0.1543296
-0.1296628 -0.1392318 -0.1378981 -0.1433023 -0.0092835 -0.0003408 -0.0302045 -0.1462154 -0.1483122 -0.1456242 -0.1318697 -0.1354181 -0.1301945 -0.0707848 -0.0707503 -0.0705427 -0.1620397 -0.1616838 -0.1558774 0.2030447 0.1957667 0.2035261 -0.1897767 -0.1888044 -0.1882908 0.2621872 0.3456947 1.0361702 -0.1257797 -0.0577712 -0.0589532 -0.0595651 0.2002774 0.1960069 0.1983229 0.1608105 0.1544073 0.1555666
0.1156050 0.0205792 0.0207423 0.0200900 0.0007434 -0.0116475 -0.0119234 0.0697397 0.0726288 0.0718565 0.0252547 0.0235302 0.0223142 -0.0285230 -0.0267713 -0.0285341 0.0604369 0.0639019 0.0644643 -0.1272892 -0.1251257 -0.1273645 0.1184758 0.1162809 0.1165318 -0.1294465 -0.1341789 -0.1257797 0.9921097 -0.0210782 -0.0232161 -0.0267348 -0.1279300 -0.1244173 -0.1254854 -0.1132266 -0.1130880 -0.1124139
-0.0139080 -0.0233548 -0.0211777 -0.0236907 -0.0362654 -0.0369204 -0.0321636 -0.0209218 -0.0200882 -0.0213462 -0.0186130 -0.0165643 -0.0173330 0.0896671 0.0886693 0.0896973 -0.0193120 -0.0205289 -0.0193164 -0.0518466 -0.0503934 -0.0499249 -0.0317519 -0.0333569 -0.0334480 -0.0533976 -0.0568454 -0.0577712 -0.0210782 0.8933014 0.0956938 0.0945781 -0.0509458 -0.0508830 -0.0521580 -0.0450655 -0.0444032 -0.0432467
-0.0149967 -0.0239981 -0.0220499 -0.0254156 -0.0378097 -0.0371936 -0.0338337 -0.0239299 -0.0225859 -0.0220504 -0.0206809 -0.0216904 -0.0182916 0.0886705 0.0886141 0.0903324 -0.0213780 -0.0222483 -0.0211133 -0.0522075 -0.0502343 -0.0505345 -0.0354648 -0.0340501 -0.0353557 -0.0553184 -0.0584624 -0.0589532 -0.0232161 0.0956938 0.8974331 0.1270616 -0.0502124 -0.0513676 -0.0516172 -0.0428909 -0.0421566 -0.0421081
-0.0159309 -0.0231280 -0.0221187 -0.0236329 -0.0386903 -0.0371423 -0.0324289 -0.0219448 -0.0232319 -0.0217307 -0.0206318 -0.0203244 -0.0196953 0.0901251 0.0900516 0.0908887 -0.0204279 -0.0217179 -0.0199713 -0.0537664 -0.0515642 -0.0513450 -0.0340343 -0.0336255 -0.0346758 -0.0546318 -0.0592875 -0.0595651 -0.0267348 0.0945781 0.1270616 0.8939705 -0.0497602 -0.0501081 -0.0513324 -0.0429136 -0.0413847 -0.0411139
-0.1288582 -0.1296696 -0.1279066 -0.1304101 -0.0220011 -0.0095988 -0.0363842 -0.1358957 -0.1369604 -0.1350193 -0.1217856 -0.1231435 -0.1195104 -0.0614533 -0.0629044 -0.0621643 -0.1486906 -0.1482532 -0.1436644 0.1946435 0.1887811 0.1952851 -0.1770937 -0.1747806 -0.1751369 0.1915758 0.1994583 0.2002774 -0.1279300 -0.0509458 -0.0502124 -0.0497602 1.0015610 0.2352539 0.2262128 0.1617629 0.1584841 0.1603143
-0.1248430 -0.1276452 -0.1273911 -0.1291997 -0.0197499 -0.0066598 -0.0358726 -0.1345649 -0.1366792 -0.1342332 -0.1198570 -0.1217802 -0.1182226 -0.0632826 -0.0639930 -0.0623968 -0.1477944 -0.1471266 -0.1415348 0.1924205 0.1871888 0.1918701 -0.1748311 -0.1735065 -0.1743485 0.1901893 0.1936274 0.1960069 -0.1244173 -0.0508830 -0.0513676 -0.0501081 0.2352539 1.0004653 0.2262227 0.1587460 0.1546830 0.1575350
-0.1279512 -0.1279882 -0.1261775 -0.1281866 -0.0212723 -0.0065743 -0.0349121 -0.1348424 -0.1376230 -0.1357907 -0.1207776 -0.1204663 -0.1176956 -0.0621405 -0.0640903 -0.0628244 -0.1495257 -0.1495072 -0.1449589 0.1951528 0.1921385 0.1936687 -0.1756932 -0.1741100 -0.1753873 0.1926129 0.1985378 0.1983229 -0.1254854 -0.0521580 -0.0516172 -0.0513324 0.2262128 0.2262227 1.0012534 0.1614757 0.1608081 0.1587683
-0.1138733 -0.1163532 -0.1143843 -0.1163307 -0.0242339 -0.0133180 -0.0370161 -0.1216360 -0.1252470 -0.1223924 -0.1072353 -0.1106238 -0.1066571 -0.0547075 -0.0577499 -0.0556526 -0.1350931 -0.1347002 -0.1315322 0.1592704 0.1550619 0.1576544 -0.1635619 -0.1628390 -0.1629032 0.1587197 0.1588260 0.1608105 -0.1132266 -0.0450655 -0.0428909 -0.0429136 0.1617629 0.1587460 0.1614757 1.0137935 0.2023294 0.2067022
-0.1138447 -0.1115962 -0.1108831 -0.1124106 -0.0253681 -0.0111092 -0.0354191 -0.1194494 -0.1211339 -0.1198515 -0.1050961 -0.1081263 -0.1031425 -0.0531808 -0.0549452 -0.0552021 -0.1322365 -0.1321888 -0.1294665 0.1568871 0.1544078 0.1585146 -0.1599890 -0.1574448 -0.1577295 0.1543138 0.1554141 0.1544073 -0.1130880 -0.0444032 -0.0421566 -0.0413847 0.1584841 0.1546830 0.1608081 0.2023294 0.9739546 0.1990087
-0.1123186 -0.1133182 -0.1122113 -0.1135389 -0.0250403 -0.0132309 -0.0374379 -0.1182891 -0.1222672 -0.1198875 -0.1065820 -0.1070806 -0.1039634 -0.0548693 -0.0546272 -0.0537597 -0.1329388 -0.1330129 -0.1283155 0.1581592 0.1554214 0.1577519 -0.1609090 -0.1585013 -0.1591709 0.1544191 0.1543296 0.1555666 -0.1124139 -0.0432467 -0.0421081 -0.0411139 0.1603143 0.1575350 0.1587683 0.2067022 0.1990087 0.9731598
