1.0352815 -0.0194738 -0.0197400 -0.0196752 -0.0120687 -0.0232138 -0.0269233 0.0743544 0.0755122 0.0734433 -0.0089307 -0.0138182 -0.0132876 -0.0606565 -0.0585805 -0.0603551 0.0390619 0.0425388 0.0458059 -0.0890495 -0.0864422 -0.0919274 0.0722742 0.1035235 0.0729248 -0.0904837 -0.0921163 -0.0773434 0.1628847 -0.0402946 -0.0433170 -0.0449853 -0.0923426 -0.0874510 -0.0913083 -0.0799682 -0.0822353 -0.0805909
-0.0194738 0.9740376 0.3248852 0.3477693 -0.0064644 -0.0152552 0.1013331 -0.0366567 -0.0369238 -0.0296110 0.1494320 0.1464271 0.1451953 -0.0704972 -0.0753823 -0.0711388 -0.0534957 -0.0546801 -0.0499458 -0.1054327 -0.1043267 -0.1043415 -0.0761758 -0.0783952 -0.0756745 -0.1073442 -0.1104662 -0.1123664 -0.0328532 -0.0511917 -0.0521422 -0.0508999 -0.1034263 -0.1020500 -0.0996137 -0.0971577 -0.0881696 -0.0905129
-0.0197400 0.3248852 0.9605147 0.3425727 -0.0095467 -0.0163411 0.0891386 -0.0330530 -0.0350822 -0.0292161 0.1417562 0.1403600 0.1401855 -0.0665273 -0.0703162 -0.0679441 -0.0504730 -0.0506741 -0.0449165 -0.1024171 -0.1022878 -0.1031170 -0.0748528 -0.0771988 -0.0749839 -0.1054072 -0.1079129 -0.1108784 -0.0319787 -0.0474845 -0.0479660 -0.0484686 -0.1023451 -0.1026533 -0.0998034 -0.0944313 -0.0883768 -0.0895559
-0.0196752 0.3477693 0.3425727 0.9641425 -0.0104078 -0.0152502 0.0999958 -0.0323275 -0.0339177 -0.0303427 0.1453505 0.1493116 0.1456277 -0.0705349 -0.0734762 -0.0727659 -0.0502958 -0.0517749 -0.0492535 -0.1070470 -0.1034277 -0.1067767 -0.0738683 -0.0744244 -0.0738446 -0.1080235 -0.1137168 -0.1167951 -0.0357744 -0.0515855 -0.0546157 -0.0507982 -0.1033125 -0.1026911 -0.1003125 -0.0944008 -0.0878896 -0.0884891
-0.0120687 -0.0064644 -0.0095467 -0.0104078 0.8115073 0.2193489 0.0404024 -0.0257166 -0.0266036 -0.0236637 0.0043849 0.0020884 0.0024020 -0.0827005 -0.0833091 -0.0805636 -0.0498057 -0.0481474 -0.0403139 -0.0271448 -0.0262702 -0.0273900 -0.0242867 -0.0189461 -0.0247868 -0.0096111 -0.0064986 -0.0046194 0.0135304 -0.0592597 -0.0623642 -0.0641221 -0.0277909 -0.0226605 -0.0252636 -0.0341089 -0.0331627 -0.0319578
-0.0232138 -0.0152552 -0.0163411 -0.0152502 0.2193489 0.7959800 0.0513979 -0.0304218 -0.0298614 -0.0281993 -0.0051660 -0.0065541 -0.0053198 -0.0811327 -0.0822004 -0.0818028 -0.0478938 -0.0463858 -0.0438052 -0.0201933 -0.0169759 -0.0199793 -0.0320670 -0.0257825 -0.0331581 0.0057653 0.0017207 -0.0020580 -0.0034820 -0.0582239 -0.0593446 -0.0594852 -0.0188269 -0.0128906 -0.0128520 -0.0266037 -0.0207867 -0.0252708
-0.0269233 0.1013331 0.0891386 0.0999958 0.0404024 0.0513979 0.7960831 -0.0352425 -0.0342957 -0.0336492 0.0427649 0.0392439 0.0415211 -0.0714826 -0.0754860 -0.0726075 -0.0518328 -0.0528970 -0.0486972 -0.0377944 -0.0377029 -0.0368512 -0.0560071 -0.0524719 -0.0544596 -0.0195854 -0.0217369 -0.0212363 -0.0234735 -0.0537795 -0.0562685 -0.0549813 -0.0350411 -0.0336008 -0.0323875 -0.0421159 -0.0370162 -0.0396933
0.0743544 -0.0366567 -0.0330530 -0.0323275 -0.0257166 -0.0304218 -0.0352425 0.9295517 0.3046218 0.2483333 -0.0247041 -0.0235664 -0.0232729 -0.0715621 -0.0694314 -0.0698473 0.0049498 0.0037838 0.0098066 -0.0953154 -0.0956285 -0.0964129 0.0781599 0.1192225 0.0797945 -0.0981802 -0.1041500 -0.1050111 0.0574748 -0.0474241 -0.0513676 -0.0487496 -0.0967614 -0.0951422 -0.0952214 -0.0865433 -0.0837021 -0.0821605
0.0755122 -0.0369238 -0.0350822 -0.0339177 -0.0266036 -0.0298614 -0.0342957 0.3046218 0.9340748 0.2771825 -0.0265908 -0.0261388 -0.0243800 -0.0738189 -0.0720412 -0.0687693 0.0078083 0.0058316 0.0123113 -0.0971102 -0.0954226 -0.0971765 0.0748155 0.1213718 0.0786701 -0.0984730 -0.1059423 -0.1065176 0.0590412 -0.0469255 -0.0505411 -0.0515095 -0.0966689 -0.0955861 -0.0980195 -0.0897419 -0.0855877 -0.0873344
0.0734433 -0.0296110 -0.0292161 -0.0303427 -0.0236637 -0.0281993 -0.0336492 0.2483333 0.2771825 0.8908934 -0.0217564 -0.0218800 -0.0204082 -0.0698600 -0.0691717 -0.0642903 0.0109135 0.0100987 0.0187845 -0.0944505 -0.0938894 -0.0942342 0.0727258 0.1133605 0.0753030 -0.0966862 -0.1022115 -0.1028035 0.0600380 -0.0476308 -0.0474012 -0.0478678 -0.0946686 -0.0923035 -0.0952823 -0.0870455 -0.0838190 -0.0829315
-0.0089307 0.1494320 0.1417562 0.1453505 0.0043849 -0.0051660 0.0427649 -0.0247041 -0.0265908 -0.0217564 0.8684477 0.2740436 0.2456424 -0.0599571 -0.0621283 -0.0609427 -0.0405753 -0.0392618 -0.0386577 -0.0980448 -0.0950216 -0.0945622 -0.0599761 -0.0627845 -0.0609043 -0.0975253 -0.1015813 -0.1026176 -0.0156754 -0.0405406 -0.0428140 -0.0429044 -0.0937762 -0.0919715 -0.0920020 -0.0837122 -0.0799637 -0.0816741
-0.0138182 0.1464271 0.1403600 0.1493116 0.0020884 -0.0065541 0.0392439 -0.0235664 -0.0261388 -0.0218800 0.2740436 0.8962861 0.2562104 -0.0628292 -0.0609604 -0.0613818 -0.0403377 -0.0409519 -0.0385876 -0.0968255 -0.0952585 -0.0942850 -0.0592009 -0.0632973 -0.0615165 -0.1006089 -0.1052511 -0.1085347 -0.0223506 -0.0358472 -0.0451182 -0.0423226 -0.0954791 -0.0950374 -0.0912741 -0.0889213 -0.0843521 -0.0828575
-0.0132876 0.1451953 0.1401855 0.1456277 0.0024020 -0.0053198 0.0415211 -0.0232729 -0.0243800 -0.0204082 0.2456424 0.2562104 0.8692408 -0.0586216 -0.0617544 -0.0592258 -0.0413445 -0.0408228 -0.0376305 -0.0944025 -0.0923376 -0.0925854 -0.0617565 -0.0625190 -0.0613813 -0.0965565 -0.1000284 -0.1036216 -0.0200436 -0.0367687 -0.0379857 -0.0402801 -0.0929424 -0.0917251 -0.0898330 -0.0845618 -0.0791803 -0.0802290
-0.0606565 -0.0704972 -0.0665273 -0.0705349 -0.0827005 -0.0811327 -0.0714826 -0.0715621 -0.0738189 -0.0698600 -0.0599571 -0.0628292 -0.0586216 0.9998300 0.4508949 0.4417383 -0.0714238 -0.0721734 -0.0679220 -0.0867038 -0.0824241 -0.0815037 -0.0952117 -0.0942119 -0.0953881 -0.0891240 -0.0931612 -0.0945865 -0.0705044 0.1938423 0.1939840 0.1970157 -0.0808119 -0.0834447 -0.0816965 -0.0741808 -0.0692402 -0.0712808
-0.0585805 -0.0753823 -0.0703162 -0.0734762 -0.0833091 -0.0822004 -0.0754860 -0.0694314 -0.0720412 -0.0691717 -0.0621283 -0.0609604 -0.0617544 0.4508949 1.0139865 0.4459192 -0.0712130 -0.0726875 -0.0673319 -0.0870407 -0.0840727 -0.0822004 -0.0931031 -0.0899128 -0.0913067 -0.0893412 -0.0940156 -0.0957761 -0.0703323 0.1941888 0.1943552 0.1967838 -0.0816035 -0.0855800 -0.0844300 -0.0768831 -0.0719520 -0.0701151
-0.0603551 -0.0711388 -0.0679441 -0.0727659 -0.0805636 -0.0818028 -0.0726075 -0.0698473 -0.0687693 -0.0642903 -0.0609427 -0.0613818 -0.0592258 0.4417383 0.4459192 0.9890485 -0.0707835 -0.0729734 -0.0656411 -0.0849859 -0.0829434 -0.0804558 -0.0955000 -0.0934377 -0.0953161 -0.0877992 -0.0928384 -0.0963158 -0.0710351 0.1923286 0.1953564 0.1961684 -0.0810650 -0.0832298 -0.0820068 -0.0739363 -0.0707202 -0.0694098
0.0390619 -0.0534957 -0.0504730 -0.0502958 -0.0498057 -0.0478938 -0.0518328 0.0049498 0.0078083 0.0109135 -0.0405753 -0.0403377 -0.0413445 -0.0714238 -0.0712130 -0.0707835 1.0439943 0.6121876 0.4634548 -0.1111379 -0.1101757 -0.1076419 -0.0127426 -0.0185131 -0.0134018 -0.1105401 -0.1195208 -0.1230030 0.0206512 -0.0469436 -0.0514569 -0.0481875 -0.1080043 -0.1072561 -0.1107381 -0.1002944 -0.0963577 -0.0981539
0.0425388 -0.0546801 -0.0506741 -0.0517749 -0.0481474 -0.0463858 -0.0528970 0.0037838 0.0058316 0.0100987 -0.0392618 -0.0409519 -0.0408228 -0.0721734 -0.0726875 -0.0729734 0.6121876 1.0442485 0.4623696 -0.1115010 -0.1101246 -0.1085763 -0.0127508 -0.0174758 -0.0135294 -0.1114078 -0.1191141 -0.1203824 0.0298191 -0.0502037 -0.0530174 -0.0511957 -0.1068093 -0.1062251 -0.1094731 -0.0993674 -0.0952415 -0.0981868
0.0458059 -0.0499458 -0.0449165 -0.0492535 -0.0403139 -0.0438052 -0.0486972 0.0098066 0.0123113 0.0187845 -0.0386577 -0.0385876 -0.0376305 -0.0679220 -0.0673319 -0.0656411 0.4634548 0.4623696 1.0187316 -0.1071830 -0.1047007 -0.1036370 -0.0031573 -0.0065010 -0.0036732 -0.1072258 -0.1133442 -0.1148465 0.0347400 -0.0476367 -0.0494809 -0.0477091 -0.1033248 -0.1009988 -0.1059781 -0.0958430 -0.0936830 -0.0925570
-0.0890495 -0.1054327 -0.1024171 -0.1070470 -0.0271448 -0.0201933 -0.0377944 -0.0953154 -0.0971102 -0.0944505 -0.0980448 -0.0968255 -0.0944025 -0.0867038 -0.0870407 -0.0849859 -0.1111379 -0.1115010 -0.1071830 0.9012889 0.2274434 0.1932938 -0.1244520 -0.1233131 -0.1233536 0.1224872 0.1232964 0.1240857 -0.0844818 -0.0648098 -0.0658610 -0.0689166 0.1236679 0.1236164 0.1255706 0.0835415 0.0871695 0.0892377
-0.0864422 -0.1043267 -0.1022878 -0.1034277 -0.0262702 -0.0169759 -0.0377029 -0.0956285 -0.0954226 -0.0938894 -0.0950216 -0.0952585 -0.0923376 -0.0824241 -0.0840727 -0.0829434 -0.1101757 -0.1101246 -0.1047007 0.2274434 0.8515550 0.2109045 -0.1224060 -0.1203617 -0.1207034 0.1217593 0.1150270 0.1165645 -0.0821237 -0.0610524 -0.0610185 -0.0647435 0.1202447 0.1189089 0.1251372 0.0812125 0.0886510 0.0894553
-0.0919274 -0.1043415 -0.1031170 -0.1067767 -0.0273900 -0.0199793 -0.0368512 -0.0964129 -0.0971765 -0.0942342 -0.0945622 -0.0942850 -0.0925854 -0.0815037 -0.0822004 -0.0804558 -0.1076419 -0.1085763 -0.1036370 0.1932938 0.2109045 0.8413756 -0.1229862 -0.1202350 -0.1217175 0.1244495 0.1256647 0.1256523 -0.0874741 -0.0594305 -0.0605364 -0.0623609 0.1298425 0.1252342 0.1259818 0.0837346 0.0940328 0.0919800
0.0722742 -0.0761758 -0.0748528 -0.0738683 -0.0242867 -0.0320670 -0.0560071 0.0781599 0.0748155 0.0727258 -0.0599761 -0.0592009 -0.0617565 -0.0952117 -0.0931031 -0.0955000 -0.0127426 -0.0127508 -0.0031573 -0.1244520 -0.1224060 -0.1229862 1.1415088 0.6275116 0.6548547 -0.1223609 -0.1309787 -0.1328634 0.1319291 -0.0710708 -0.0774335 -0.0755351 -0.1254196 -0.1211274 -0.1224724 -0.1168168 -0.1127102 -0.1163313
0.1035235 -0.0783952 -0.0771988 -0.0744244 -0.0189461 -0.0257825 -0.0524719 0.1192225 0.1213718 0.1133605 -0.0627845 -0.0632973 -0.0625190 -0.0942119 -0.0899128 -0.0934377 -0.0185131 -0.0174758 -0.0065010 -0.1233131 -0.1203617 -0.1202350 0.6275116 1.1902553 0.6270649 -0.1230391 -0.1304426 -0.1307742 0.1500609 -0.0732980 -0.0745905 -0.0726230 -0.1219208 -0.1195758 -0.1209500 -0.1149099 -0.1094811 -0.1125319
0.0729248 -0.0756745 -0.0749839 -0.0738446 -0.0247868 -0.0331581 -0.0544596 0.0797945 0.0786701 0.0753030 -0.0609043 -0.0615165 -0.0613813 -0.0953881 -0.0913067 -0.0953161 -0.0134018 -0.0135294 -0.0036732 -0.1233536 -0.1207034 -0.1217175 0.6548547 0.6270649 1.1206174 -0.1212745 -0.1293430 -0.1313790 0.1273173 -0.0739296 -0.0756796 -0.0744765 -0.1217364 -0.1202406 -0.1227226 -0.1146450 -0.1090201 -0.1136441
-0.0904837 -0.1073442 -0.1054072 -0.1080235 -0.0096111 0.0057653 -0.0195854 -0.0981802 -0.0984730 -0.0966862 -0.0975253 -0.1006089 -0.0965565 -0.0891240 -0.0893412 -0.0877992 -0.1105401 -0.1114078 -0.1072258 0.1224872 0.1217593 0.1244495 -0.1223609 -0.1230391 -0.1212745 0.8566819 0.2182584 0.2247477 -0.0862388 -0.0662738 -0.0702883 -0.0697542 0.1199951 0.1204867 0.1220161 0.0861081 0.0832483 0.0828255
-0.0921163 -0.1104662 -0.1079129 -0.1137168 -0.0064986 0.0017207 -0.0217369 -0.1041500 -0.1059423 -0.1022115 -0.1015813 -0.1052511 -0.1000284 -0.0931612 -0.0940156 -0.0928384 -0.1195208 -0.1191141 -0.1133442 0.1232964 0.1150270 0.1256647 -0.1309787 -0.1304426 -0.1293430 0.2182584 0.8653989 0.3547152 -0.0865570 -0.0693221 -0.0732151 -0.0748365 0.1241982 0.1164383 0.1236993 0.0762484 0.0785769 0.0768593
-0.0773434 -0.1123664 -0.1108784 -0.1167951 -0.0046194 -0.0020580 -0.0212363 -0.1050111 -0.1065176 -0.1028035 -0.1026176 -0.1085347 -0.1036216 -0.0945865 -0.0957761 -0.0963158 -0.1230030 -0.1203824 -0.1148465 0.1240857 0.1165645 0.1256523 -0.1328634 -0.1307742 -0.1313790 0.2247477 0.3547152 0.8820165 -0.0637270 -0.0720913 -0.0759890 -0.0799509 0.1247229 0.1180194 0.1200526 0.0783685 0.0734920 0.0765158
0.1628847 -0.0328532 -0.0319787 -0.0357744 0.0135304 -0.0034820 -0.0234735 0.0574748 0.0590412 0.0600380 -0.0156754 -0.0223506 -0.0200436 -0.0705044 -0.0703323 -0.0710351 0.0206512 0.0298191 0.0347400 -0.0844818 -0.0821237 -0.0874741 0.1319291 0.1500609 0.1273173 -0.0862388 -0.0865570 -0.0637270 0.9229605 -0.0484224 -0.0530510 -0.0605949 -0.0901651 -0.0840796 -0.0854968 -0.0762700 -0.0807366 -0.0790681
-0.0402946 -0.0511917 -0.0474845 -0.0515855 -0.0592597 -0.0582239 -0.0537795 -0.0474241 -0.0469255 -0.0476308 -0.0405406 -0.0358472 -0.0367687 0.1938423 0.1941888 0.1923286 -0.0469436 -0.0502037 -0.0476367 -0.0648098 -0.0610524 -0.0594305 -0.0710708 -0.0732980 -0.0739296 -0.0662738 -0.0693221 -0.0720913 -0.0484224 0.8376383 0.1914371 0.1880299 -0.0607065 -0.0627576 -0.0631848 -0.0559726 -0.0527548 -0.0505551
-0.0433170 -0.0521422 -0.0479660 -0.0546157 -0.0623642 -0.0593446 -0.0562685 -0.0513676 -0.0505411 -0.0474012 -0.0428140 -0.0451182 -0.0379857 0.1939840 0.1943552 0.1953564 -0.0514569 -0.0530174 -0.0494809 -0.0658610 -0.0610185 -0.0605364 -0.0774335 -0.0745905 -0.0756796 -0.0702883 -0.0732151 -0.0759890 -0.0530510 0.1914371 0.8451716 0.2495763 -0.0606039 -0.0642350 -0.0646231 -0.0548776 -0.0511422 -0.0504966
-0.0449853 -0.0508999 -0.0484686 -0.0507982 -0.0641221 -0.0594852 -0.0549813 -0.0487496 -0.0515095 -0.0478678 -0.0429044 -0.0423226 -0.0402801 0.1970157 0.1967838 0.1961684 -0.0481875 -0.0511957 -0.0477091 -0.0689166 -0.0647435 -0.0623609 -0.0755351 -0.0726230 -0.0744765 -0.0697542 -0.0748365 -0.0799509 -0.0605949 0.1880299 0.2495763 0.8409527 -0.0601421 -0.0621591 -0.0644259 -0.0526181 -0.0494859 -0.0493306
-0.0923426 -0.1034263 -0.1023451 -0.1033125 -0.0277909 -0.0188269 -0.0350411 -0.0967614 -0.0966689 -0.0946686 -0.0937762 -0.0954791 -0.0929424 -0.0808119 -0.0816035 -0.0810650 -0.1080043 -0.1068093 -0.1033248 0.1236679 0.1202447 0.1298425 -0.1254196 -0.1219208 -0.1217364 0.1199951 0.1241982 0.1247229 -0.0901651 -0.0607065 -0.0606039 -0.0601421 0.8535205 0.2006302 0.1836508 0.0930253 0.0951225 0.0977947
-0.0874510 -0.1020500 -0.1026533 -0.1026911 -0.0226605 -0.0128906 -0.0336008 -0.0951422 -0.0955861 -0.0923035 -0.0919715 -0.0950374 -0.0917251 -0.0834447 -0.0855800 -0.0832298 -0.1072561 -0.1062251 -0.1009988 0.1236164 0.1189089 0.1252342 -0.1211274 -0.1195758 -0.1202406 0.1204867 0.1164383 0.1180194 -0.0840796 -0.0627576 -0.0642350 -0.0621591 0.2006302 0.8553243 0.1861632 0.0900558 0.0895618 0.0931971
-0.0913083 -0.0996137 -0.0998034 -0.1003125 -0.0252636 -0.0128520 -0.0323875 -0.0952214 -0.0980195 -0.0952823 -0.0920020 -0.0912741 -0.0898330 -0.0816965 -0.0844300 -0.0820068 -0.1107381 -0.1094731 -0.1059781 0.1255706 0.1251372 0.1259818 -0.1224724 -0.1209500 -0.1227226 0.1220161 0.1236993 0.1200526 -0.0854968 -0.0631848 -0.0646231 -0.0644259 0.1836508 0.1861632 0.8545737 0.0936060 0.1002365 0.0955770
-0.0799682 -0.0971577 -0.0944313 -0.0944008 -0.0341089 -0.0266037 -0.0421159 -0.0865433 -0.0897419 -0.0870455 -0.0837122 -0.0889213 -0.0845618 -0.0741808 -0.0768831 -0.0739363 -0.1002944 -0.0993674 -0.0958430 0.0835415 0.0812125 0.0837346 -0.1168168 -0.1149099 -0.1146450 0.0861081 0.0762484 0.0783685 -0.0762700 -0.0559726 -0.0548776 -0.0526181 0.0930253 0.0900558 0.0936060 0.9567445 0.1896653 0.1970646
-0.0822353 -0.0881696 -0.0883768 -0.0878896 -0.0331627 -0.0207867 -0.0370162 -0.0837021 -0.0855877 -0.0838190 -0.0799637 -0.0843521 -0.0791803 -0.0692402 -0.0719520 -0.0707202 -0.0963577 -0.0952415 -0.0936830 0.0871695 0.0886510 0.0940328 -0.1127102 -0.1094811 -0.1090201 0.0832483 0.0785769 0.0734920 -0.0807366 -0.0527548 -0.0511422 -0.0494859 0.0951225 0.0895618 0.1002365 0.1896653 0.8496035 0.1869953
-0.0805909 -0.0905129 -0.0895559 -0.0884891 -0.0319578 -0.0252708 -0.0396933 -0.0821605 -0.0873344 -0.0829315 -0.0816741 -0.0828575 -0.0802290 -0.0712808 -0.0701151 -0.0694098 -0.0981539 -0.0981868 -0.0925570 0.0892377 0.0894553 0.0919800 -0.1163313 -0.1125319 -0.1136441 0.0828255 0.0768593 0.0765158 -0.0790681 -0.0505551 -0.0504966 -0.0493306 0.0977947 0.0931971 0.0955770 0.1970646 0.1869953 0.8526053
